1.963870000000000005e+02	1.963824200434621616e+02	1.080663835038927615e-26	4.934884294401524339e-27	2.094872463634526308e-26	3.444390912963938277e-27
1.968918999999999926e+02	1.968872910268248404e+02	1.856329438406256376e-28	1.352085754242533945e-28	2.514223285574056580e-28	2.758041818191146268e-29
1.976889999999999930e+02	1.976843720479718911e+02	4.519397795072693200e-27	3.440787319567530383e-27	5.772577931985278251e-27	6.273866777549403804e-28
1.977165999999999997e+02	1.977120523910047609e+02	7.010416273829872695e-36	1.252555945922871920e-37	1.610174399092503162e-35	3.994497601560987601e-36
1.981621000000000095e+02	1.981575298269283110e+02	5.664532999853822396e-26	3.705777239725101174e-26	8.633559935523994865e-26	1.116102081936099614e-26
1.990253999999999905e+02	1.990207767939140808e+02	8.046003471946549450e-26	3.384284860076602905e-26	1.336404179712115827e-25	2.291285757795607040e-26
1.994300000000000068e+02	1.994258055156589933e+02	2.017180718918490495e-25	1.564923444395508457e-25	2.544066445831404617e-25	2.296884060089433616e-26
2.000497000000000014e+02	2.001098965143827684e+02	7.776653864854856887e-26	5.357431370724573745e-26	1.136448439557767101e-25	1.415201447344121445e-26
2.001829999999999927e+02	2.002436156362606141e+02	2.572856055884453115e-25	1.680467695360950131e-25	3.546959461308538256e-25	4.824840146152310841e-26
2.006992999999999938e+02	2.007595649305022789e+02	1.777547631063162915e-25	1.229716107013712668e-25	2.581092174665910310e-25	2.813515718051312747e-26
2.007684999999999889e+02	2.008288132242448967e+02	8.646035767934573813e-27	3.448503840902526959e-27	1.747833034827047475e-26	3.109656983686205159e-27
2.014241000000000099e+02	2.014844972384013317e+02	3.985406743450144486e-25	2.806694579470362032e-25	6.236287562915695326e-25	7.164282863783055763e-26
2.025389000000000124e+02	2.025994780067717329e+02	2.383077055753911802e-25	1.063562867186537473e-25	3.675791733673015552e-25	6.906460441463397678e-26
2.026588000000000136e+02	2.027193460124502451e+02	7.680262975114614385e-25	5.496964966680249139e-25	9.919302479700813209e-25	1.298327623593130328e-25
2.029269999999999925e+02	2.029874658183634608e+02	7.996683766137147725e-26	5.388126870303504016e-26	1.146204777713448265e-25	1.240466198547558578e-26
2.030186999999999955e+02	2.030793282957104111e+02	1.397919174796738294e-37	3.443606689172456799e-39	3.424494791546057194e-37	8.897115765742752496e-38
2.033546000000000049e+02	2.034152850969034034e+02	3.221746726471518633e-26	1.504403890424742159e-26	4.978252136862392154e-26	9.313341652694723076e-27
2.041143999999999892e+02	2.041752328153992835e+02	3.289996911076133139e-26	1.468697849806008466e-26	6.015374480459387449e-26	1.163261095102448869e-26
2.047342999999999904e+02	2.047951956721222757e+02	7.636495142070769501e-25	4.226565695797629747e-25	1.228741637510570602e-24	1.718911923852031454e-25
2.050831000000000017e+02	2.051440504807731031e+02	8.162513637505772921e-26	1.718199183139059950e-28	2.109086780926004418e-25	5.414951945083451089e-26
2.052074000000000069e+02	2.052683566366334276e+02	1.207829350701958447e-24	8.834143930331272479e-25	1.558602199493338490e-24	1.858851117856005085e-25
2.052434000000000083e+02	2.053044272402540003e+02	3.404908052220703813e-26	2.465908178378027135e-26	4.485175443887962210e-26	4.924664469340435673e-27
2.053909999999999911e+02	2.054519685581880424e+02	5.220794728956664558e-26	2.383493720913521873e-26	8.691018606033215178e-26	1.748742428428189245e-26
2.055489000000000033e+02	2.056099609315693328e+02	4.625272942303357356e-25	3.445967580512669565e-25	6.174288842799373991e-25	6.595964405071301701e-26
2.059901000000000124e+02	2.060511979612201117e+02	1.197871946071118443e-24	5.427361711087219827e-25	1.877174051695007502e-24	3.592503685166458442e-25
2.060194999999999936e+02	2.060806383539089950e+02	3.687856038209051665e-26	2.201364530623619882e-28	8.272807011685872989e-26	2.306718876442187525e-26
2.062347000000000037e+02	2.062958938968109237e+02	4.680754022056865205e-26	6.426482798367431915e-29	1.045681388966524424e-25	2.682151662021821100e-26
2.063394999999999868e+02	2.064007060556023987e+02	1.571516232179867029e-25	7.713791971726722469e-26	2.366277679374691249e-25	4.489784551175696852e-26
2.064372999999999934e+02	2.064985373227308116e+02	1.336559866132759134e-24	5.958743082216996558e-25	2.139713438106552792e-24	3.859981848434809865e-25
2.069505000000000052e+02	2.070117301114479176e+02	7.506730095701691151e-25	3.492871209229233059e-25	1.245941862263778652e-24	1.988936194381793348e-25
2.080619000000000085e+02	2.081233612545739504e+02	6.579484679630956646e-35	4.828109768857434681e-38	1.775743136534148799e-34	4.726692414628299480e-35
2.082845000000000084e+02	2.083459721875555886e+02	2.646633846769107643e-25	2.007530886627860650e-25	3.224243049568499562e-25	3.301602031545695039e-26
2.085352000000000032e+02	2.085967221229853124e+02	2.078907153867430725e-25	1.314315139632839631e-25	3.046987751858854131e-25	4.232035136060560205e-26
2.085554999999999950e+02	2.086170493065426399e+02	1.076105592141505599e-24	4.736342029301119843e-25	2.050036512517444554e-24	3.707252845953361158e-25
2.088960999999999899e+02	2.089576686840587172e+02	2.362420590222846848e-25	1.233057576770190888e-25	3.520737535683727334e-25	6.052903066237477826e-26
2.089070000000000107e+02	2.089685853341233326e+02	6.557583095968968752e-25	3.216873078759421208e-25	9.691368807605472058e-25	1.619083684260157876e-25
2.095123000000000104e+02	2.095740524714454125e+02	1.012641482453124695e-26	2.921496143043289245e-30	3.204002148047793928e-26	8.248278845810694705e-27
2.105834999999999866e+02	2.106453812330667574e+02	2.011974095335342434e-25	1.300310404451696530e-25	3.066129893176477858e-25	3.690641155626285507e-26
2.109773999999999887e+02	2.110393859019001468e+02	1.816701583117701767e-25	1.393328824713459309e-25	2.286194207085660096e-25	2.334778042168269786e-26
2.111715000000000089e+02	2.112334721727901581e+02	4.400847102213142252e-25	3.202906576347710985e-25	5.736617929608496700e-25	5.338963487343146425e-26
2.114410000000000025e+02	2.115030252573160112e+02	9.627282634754357066e-26	6.861375690738938762e-26	1.381991995214153063e-25	1.819637156543764857e-26
2.121390000000000100e+02	2.122011908457295419e+02	3.154949164875452917e-24	2.372293473207401875e-24	4.197804504180142764e-24	4.635546353394040191e-25
2.124806000000000097e+02	2.125428090969704442e+02	3.939185514713212416e-25	2.441296446452377881e-25	6.064127975231703566e-25	7.347312067044677983e-26
2.125626000000000033e+02	2.126248478221583582e+02	8.741722556328072841e-26	6.342419029782572923e-26	1.150822950191779082e-25	1.353150972185393730e-26
2.128410000000000082e+02	2.129033191462044385e+02	3.715854206247792126e-25	2.588324764601338134e-25	5.064172719864688402e-25	6.267123291238150353e-26
2.129953999999999894e+02	2.130577214612814316e+02	6.747795595383497422e-25	4.536461032466049415e-25	8.845697792436961138e-25	1.004576033236156617e-25
2.147784000000000049e+02	2.148410128022770209e+02	1.913502756263426568e-23	1.454156585255629640e-23	2.434826532836289830e-23	2.751287131848295971e-24
2.151921000000000106e+02	2.152547813728270967e+02	2.126095815397197751e-25	1.262024817702876059e-25	3.387721933024434569e-25	5.660655378175420937e-26
2.152222999999999900e+02	2.152850474699585845e+02	3.554006866508898090e-25	2.591618103084530925e-25	4.496787724244569649e-25	4.866556040633892720e-26
2.157828000000000088e+02	2.158456312427772446e+02	1.866725220237731167e-23	1.354258375738004515e-23	2.696056873795407092e-23	3.251718621512529756e-24
2.158306000000000040e+02	2.158934156317360475e+02	2.892146633399569472e-23	2.193832723773918870e-23	3.745591152851056757e-23	4.072945182666440675e-24
2.161038000000000068e+02	2.161667061103072456e+02	2.058564379052753012e-24	1.309500047021654514e-24	2.901975544578835084e-24	4.032167167988156034e-25
2.166153999999999940e+02	2.166783599306532153e+02	1.110118280560247238e-25	8.478270496134692040e-26	1.373173588574713870e-25	1.521368158459329869e-26
2.173540999999999883e+02	2.174172300235754562e+02	2.279715304999245286e-26	2.984655167289264317e-29	4.709415253506816310e-26	1.305045141128864803e-26
2.174484999999999957e+02	2.175115725539840525e+02	5.041817661432232988e-24	3.755087098840558695e-25	1.047705889672158615e-23	2.733319259016435593e-24
2.182381000000000029e+02	2.183013625575755441e+02	2.038434739583814984e-24	1.371164724506577805e-24	2.871160654967921459e-24	3.688393849677120935e-25
2.183905000000000030e+02	2.184538366267487390e+02	7.760230845789113132e-25	3.979819958381584113e-25	1.344229233901555693e-24	2.328266161551324099e-25
2.190228999999999928e+02	2.190863292617514730e+02	1.239129198018733831e-23	8.392786609728518802e-24	1.645613466869616636e-23	2.125057603491394529e-24
2.191192000000000064e+02	2.191826642662668974e+02	1.823446262069114834e-25	1.189764604030147054e-28	3.065455263618730785e-25	8.921780398573937020e-26
2.197353999999999985e+02	2.197989812786844084e+02	3.487455933005340311e-23	2.552540453616106915e-23	4.459004313843095879e-23	4.978012253923587959e-24
2.200682999999999936e+02	2.201319343069390015e+02	1.275089615549878152e-24	9.780386647940789116e-25	1.670570286425140356e-24	1.655613865760968572e-25
2.201560000000000059e+02	2.202196319078021816e+02	1.866889770192043697e-24	1.293411209552882195e-24	2.889860979180270306e-24	3.558687563158709916e-25
2.212154999999999916e+02	2.212793304430319949e+02	2.371907561666370906e-24	1.203894980622651649e-24	3.497853321852873611e-24	6.188511269405376902e-25
2.221946000000000083e+02	2.222585661116553695e+02	9.727561244673882672e-24	4.875164880379454179e-24	1.470963423923688142e-23	2.634960775448941489e-24
2.230962000000000103e+02	2.231604016795214989e+02	2.108612729148371615e-24	1.531801149127322954e-26	4.246332782362734342e-24	1.177682408104953704e-24
2.244527999999999963e+02	2.245171866233374658e+02	6.802580336050950750e-24	4.530071729186622625e-24	9.337508767078069874e-24	1.080924583232112299e-24
2.251490000000000009e+02	2.252135491883439329e+02	1.934963820352271938e-25	9.356654484485592471e-26	6.566899735277114163e-25	1.011829839046420945e-25
2.253572000000000060e+02	2.254218197780803052e+02	3.850301994476687920e-25	2.203214305139996909e-25	6.122116152746965867e-25	8.689688361964866707e-26
2.254799999999999898e+02	2.255446076856238449e+02	3.511493668971127929e-25	1.807104916071156412e-25	5.985203265291363317e-25	9.980079301836836770e-26
2.258151000000000010e+02	2.258797787738786838e+02	1.440702433436459729e-24	8.984309160976434497e-25	2.327397441894032575e-24	3.289199322651538160e-25
2.259567000000000121e+02	2.260214304656098534e+02	7.186483104038941126e-25	4.333082895051146609e-25	1.198437602021125865e-24	1.594186513761851853e-25
2.261431000000000040e+02	2.262078877579898517e+02	1.248413720442975398e-23	9.296511796631250385e-24	1.569997368409611434e-23	1.727398459349312321e-24
2.266353000000000009e+02	2.267001078417131907e+02	5.455866160472146502e-25	2.492896781872067753e-25	9.793124092408722836e-25	1.745510468266303835e-25
2.267560000000000002e+02	2.268208300929847780e+02	1.417577220429919517e-24	6.403552292588319735e-25	2.333305524369475983e-24	4.332326486384785848e-25
2.271956999999999880e+02	2.272606844271049056e+02	6.827639452986156835e-24	5.162132300492546126e-24	8.631503341086668522e-24	9.829068128548681466e-25
2.274665999999999997e+02	2.275315785496592866e+02	2.489826221061007252e-25	1.197167703646256382e-25	1.085074422338979957e-24	1.411593791871853440e-25
2.287324999999999875e+02	2.287977172599773894e+02	3.161990000801887460e-24	1.394897071335501586e-24	5.121845892363156908e-24	8.742414649049112307e-25
2.288397999999999968e+02	2.289050633579394685e+02	1.616466707205786672e-25	6.496760580098230226e-26	3.282163597312456642e-25	6.662979890242630119e-26
2.289984000000000037e+02	2.290636636459933868e+02	8.869881780114961062e-23	6.459825892357212153e-23	1.131648866787737309e-22	1.329370028825596882e-23
2.293119000000000085e+02	2.293772993929317181e+02	3.171289455148052506e-24	1.961606628934958182e-24	5.079479509466089834e-24	6.739992560417979961e-25
2.300777999999999963e+02	2.301432737403543456e+02	3.152954591594664189e-23	2.351551403250260885e-23	3.907279569589681755e-23	4.823169865866194649e-24
2.302944999999999993e+02	2.303600657520588584e+02	1.586504660975043988e-24	8.775954281094151009e-25	2.711309497727084460e-24	4.397564285265104192e-25
2.307358000000000118e+02	2.308014347967626634e+02	2.151326681619263255e-23	1.618373542752027462e-23	2.675277422098416118e-23	2.943863614375261269e-24
2.312343999999999937e+02	2.313001100068132700e+02	1.086235506911225871e-23	7.757739840589347469e-24	1.393492804112403457e-23	1.361911684847984697e-24
2.313983000000000061e+02	2.314640407607109580e+02	8.682127275636587784e-23	2.755521845309308346e-24	1.837149622756199154e-22	4.678479803844492483e-23
2.317164999999999964e+02	2.317822902129997829e+02	3.138383912535626198e-23	2.367378234733193686e-23	3.972520371965658052e-23	3.026570881481560413e-24
2.320033999999999992e+02	2.320693017882557569e+02	5.413316678811224604e-22	4.088437846304611658e-22	6.751396290303244319e-22	7.433589557302611018e-23
2.321382999999999868e+02	2.322042337620422927e+02	2.627394373742599293e-23	1.069027689211632465e-24	5.469583340591442586e-23	1.515540308266617134e-23
2.324654999999999916e+02	2.325314659758257108e+02	6.386220075380428460e-25	4.021393907951118725e-25	8.496815665463421374e-25	9.989280312116358933e-26
2.325800999999999874e+02	2.326461337925545365e+02	8.090210158405867813e-23	5.424944017992485663e-23	1.176989899252812679e-22	1.287607464507322604e-23
2.329970999999999890e+02	2.330631427389042187e+02	1.846878406458476130e-23	1.453146093684834580e-23	2.338982689208877712e-23	1.885817437213158254e-24
2.345543000000000120e+02	2.346207195639451015e+02	1.589216345535785362e-22	1.180241503596158618e-22	2.023889418273231558e-22	2.458681393499353814e-23
2.346630999999999858e+02	2.347294900780499631e+02	2.541101696585314648e-25	1.152868827048442793e-25	4.346288944619690563e-25	7.862025355440541086e-26
2.347513999999999896e+02	2.348178583873337857e+02	1.579232053939586040e-23	8.539226780358498241e-24	2.351938388763063538e-23	4.305551144271875360e-24
2.348736000000000104e+02	2.349400365286322483e+02	1.658234769515631305e-24	6.070643068397423134e-26	3.346165729843273819e-24	8.871979226593617279e-25
2.419312999999999931e+02	2.419991773485502335e+02	8.100076602549656767e-25	1.167629786984482123e-27	1.718230360985530606e-24	4.960008554591670805e-25
2.476876000000000033e+02	2.477566608706927127e+02	3.538340680163792915e-24	2.366354076469408167e-24	4.811777256831525018e-24	6.314455717288162323e-25
2.540021999999999878e+02	2.540726058973901331e+02	1.812157222220834635e-25	9.144468500891598403e-26	3.270973715496665988e-25	5.505860293265221491e-26
2.553378999999999905e+02	2.554085620453516583e+02	6.713918920634519121e-25	3.449257562050969542e-25	1.233121087223311656e-24	2.056593624482469002e-25
2.561424000000000092e+02	2.562132389424601229e+02	4.869134757209635331e-25	2.563857373927231284e-25	7.182876215549362363e-25	1.268242431859213645e-25
2.635240000000000009e+02	2.635964215959374428e+02	5.955074543656838397e-36	1.037038167889905301e-37	1.538111540641908856e-35	3.725620997369232200e-36
2.696487999999999943e+02	2.697225577792306694e+02	1.483443671315441019e-24	5.008918005530242304e-25	3.236309831239930596e-24	6.889757041025128891e-25
2.746741999999999848e+02	2.747490708268574622e+02	8.209633883713945922e-24	5.294229497244970142e-24	1.299150610402021929e-23	1.814537631875358115e-24
2.788779999999999859e+02	2.789537485867341502e+02	1.736059696921671090e-36	6.828483197397213489e-38	4.219001477396266972e-36	9.968914890430090613e-37
2.798473000000000184e+02	2.799232589625481182e+02	3.161809811379533521e-36	1.506551174346102600e-36	5.657728822076112744e-36	1.056313009176771862e-36
2.798650999999999840e+02	2.799410788986187413e+02	2.748985583485117300e-23	1.746163135743889840e-23	4.527053331460700673e-23	5.860106943783043743e-24
2.805079000000000065e+02	2.805840245113385549e+02	2.831226066335978285e-24	1.902067558160852363e-24	4.293587780389050830e-24	5.160287410600867255e-25
2.821290999999999940e+02	2.822056144361276893e+02	1.567419503420982417e-23	9.778329425949747344e-24	2.474310433382163128e-23	3.602923383594979691e-24
2.834547000000000025e+02	2.835315443612416857e+02	3.088543005109560469e-24	1.710804653471787431e-24	5.289087047941864407e-24	8.551271396358635462e-25
2.865498000000000047e+02	2.866272965630122371e+02	8.332322261177655147e-24	5.337307414515369893e-24	1.276692010394403222e-23	1.875364139370080982e-24
2.907456999999999994e+02	2.908241679905218575e+02	9.124532073853533016e-24	4.764588800121461955e-24	1.601204031415022310e-23	2.529442749609397202e-24
2.914006999999999721e+02	2.914793051838226461e+02	1.796284341329449492e-24	1.253055670907136496e-24	2.763728023496039567e-24	2.984908689487962614e-25
2.943912000000000262e+02	2.944704581660298004e+02	8.272494292240034024e-23	5.292916946734626853e-23	1.371575460371631608e-22	1.791905941036526988e-23
2.981646000000000072e+02	2.982446873653848343e+02	2.075741718015652717e-22	1.481557779149185930e-22	2.737191563378108542e-22	3.225613673737776055e-23
2.984130999999999858e+02	2.984932214741054963e+02	3.935549331532985302e-23	3.113270656691111361e-23	4.763363644866217381e-23	4.296931287109887889e-24
2.991118000000000166e+02	2.991920633998660151e+02	3.620645403400599880e-25	2.011966370084097309e-25	6.356809124218277623e-25	9.648475546142778201e-26
2.992592000000000212e+02	2.993395632172536125e+02	1.030440379138972545e-22	7.876023338667260731e-23	1.251647648501810693e-22	1.164967470480870283e-23
2.994452999999999747e+02	2.995257014675747200e+02	1.748514690797550783e-22	1.369589240434682382e-22	2.220655582909848874e-22	2.092006025352238751e-23
3.002484999999999786e+02	3.003291016726341809e+02	4.741202100072174010e-22	3.809818415685265343e-22	5.622920979979107212e-22	4.513819274282388213e-23
3.003620999999999981e+02	3.004426789198818710e+02	5.085960560496677680e-22	2.872183012713438196e-22	7.076022695327714430e-22	1.131367168764642180e-22
3.012001000000000204e+02	3.012808372092681566e+02	5.725098242623224329e-22	3.547153851953481192e-22	9.108318154625737479e-22	1.236955893557572537e-22
3.019143000000000256e+02	3.019952710313500006e+02	9.101980218011392114e-23	7.111457279204348368e-23	1.125760311342921216e-22	1.032209396808982791e-23
3.031866999999999734e+02	3.032679541461143344e+02	5.508753507296643780e-23	4.213119244133166856e-23	6.836655524036797624e-23	6.166912623144703933e-24
3.037932999999999879e+02	3.038746182087223247e+02	3.957488493413362442e-22	2.873080987877477523e-22	5.209418935107369890e-22	5.906122033839761914e-23
3.045006999999999948e+02	3.045821882547518840e+02	2.035818478073819608e-23	1.474210891101157111e-23	3.045027555231700141e-23	3.563155918642397159e-24
3.050815999999999804e+02	3.051632244772756621e+02	1.932190735261637581e-21	1.534388950263896795e-21	2.311203222761837336e-21	1.871954191376839619e-22
3.054313000000000216e+02	3.055129899132117544e+02	7.478655710878751974e-22	5.856864016084160918e-22	9.307771622066859803e-22	8.230232838277217151e-23
3.057638999999999783e+02	3.058456994960459951e+02	7.229123106858712960e-22	3.680367304587680073e-22	1.129381409258200927e-21	1.895136025160382307e-22
3.064619000000000142e+02	3.065438350003855135e+02	6.386986482363204453e-23	5.069442499841324171e-23	7.866182254498396785e-23	8.057416898844528610e-24
3.080751999999999953e+02	3.081575881946833988e+02	6.252186282804638697e-23	4.132179639333007436e-23	9.420284790212420822e-23	1.277082261456254317e-23
3.097117000000000075e+02	3.097943915385814080e+02	6.084622209320937224e-23	4.870863036357473427e-23	7.361176055261277437e-23	6.894960732046086860e-24
3.099110000000000014e+02	3.099937634260817276e+02	4.078030456656045166e-23	3.317402217345809507e-23	4.869013291831674817e-23	3.730243644369592163e-24
3.101557000000000244e+02	3.102385076093212888e+02	8.721695147078660528e-22	7.228236645374338000e-22	1.053689152266650018e-21	6.935738276011164943e-23
3.101877999999999815e+02	3.102705911058745869e+02	1.425641348944828856e-22	1.111521612938177448e-22	1.854910860006096592e-22	1.801068350184544917e-23
3.105459999999999923e+02	3.106289366198404309e+02	5.053641584611787624e-23	2.891557360399261499e-23	7.300944441429367058e-23	1.214831836005338683e-23
3.107714000000000283e+02	3.108543813301315595e+02	7.443586808682122840e-25	5.801999915156409547e-25	8.987241869750468591e-25	7.951973716061236472e-26
3.114123999999999910e+02	3.114955447258341223e+02	6.244538278096574987e-23	4.375047751250362607e-23	9.657740270667825069e-23	1.130471613790494683e-23
3.129304999999999950e+02	3.130139857517297628e+02	3.749709732727067997e-24	2.075790754877399235e-24	6.221474693086590639e-24	1.032919918792758033e-24
3.134103999999999814e+02	3.134939506902900348e+02	1.330108058754945439e-21	1.015102303744788786e-21	1.690642728907856163e-21	1.464381169185050794e-22
3.145111999999999739e+02	3.145950203365410403e+02	2.451633055828838139e-25	1.288619811621514996e-25	3.524717725230359219e-25	5.949504348259449985e-26
3.145704999999999814e+02	3.146543357323320151e+02	1.091974061180039185e-23	8.022925637438596189e-24	1.384528471168573505e-23	1.317574892877236188e-24
3.159520999999999731e+02	3.160361961106480067e+02	9.328576320275696441e-25	7.206788374236022013e-25	1.142740054292974787e-24	1.076326092561777877e-25
3.165507000000000062e+02	3.166349875776651857e+02	4.987668390379674123e-25	2.800080965144817281e-25	7.381651231411872940e-25	1.105915597641217768e-25
3.184366999999999734e+02	3.185213729866781023e+02	1.273247989758074630e-23	1.005546678980352119e-23	1.542733333957758581e-23	1.329597901531548476e-24
3.195570999999999913e+02	3.196420322905575517e+02	3.229683825013432200e-24	2.493796983972925186e-24	3.949790062866804295e-24	3.660805380333644054e-25
3.197114000000000260e+02	3.197963783951237247e+02	3.041225579630695843e-23	2.199138431148634168e-23	4.488797185773154101e-23	5.623392879476363909e-24
3.200421999999999798e+02	3.201273150482592769e+02	3.107033200930272399e-24	2.051042497380861411e-24	4.903219034966036106e-24	6.879357307909999812e-25
3.221650999999999954e+02	3.222507117333103110e+02	1.821609602441436979e-23	1.265431750543955099e-23	2.865551504506603791e-23	3.412763226138657971e-24
3.225018999999999778e+02	3.225875515098958886e+02	6.374165614267164562e-23	4.674345902692002167e-23	8.600562606834026445e-23	9.612019751623865514e-24
3.226983000000000175e+02	3.227840316204816986e+02	4.059055397560986922e-24	1.821899239117067307e-24	6.799948324055822625e-24	1.382181614083828915e-24
3.232934000000000196e+02	3.233791773007712322e+02	7.266393697664846239e-22	5.437699307880266809e-22	9.232146239742636759e-22	1.076487750880126374e-22
3.234648000000000252e+02	3.235506481681977675e+02	2.270260741240717602e-23	1.480091389684847524e-23	3.023241807914981803e-23	4.179944520352744538e-24
3.235754000000000019e+02	3.236612568501445253e+02	8.492690813880800309e-25	6.629947273529781169e-25	1.039401735612294482e-24	9.321910942064101078e-26
3.243054999999999950e+02	3.243915103350638560e+02	5.428764059953276474e-23	3.391843188504215190e-23	7.682342433945352793e-23	9.362837160241593689e-24
3.248457999999999970e+02	3.249319456774824744e+02	8.239761307556399740e-24	5.216198827399177120e-24	1.100143185357870485e-23	1.501642641900746578e-24
3.249434999999999718e+02	3.250296606452633910e+02	4.230435133214930005e-24	3.058913857959333534e-24	6.161040959090758925e-24	7.136450321261975948e-25
3.250742999999999938e+02	3.251605356653146828e+02	1.498339999611238635e-23	1.003451814426773081e-23	2.400392389587325900e-23	2.793546510217316313e-24
3.271114000000000033e+02	3.271980728899214910e+02	9.336805437270590880e-24	5.859192115559607388e-24	1.469507711802414192e-23	1.912793656049747739e-24
3.282694999999999936e+02	3.283565028411240974e+02	6.711099015706029223e-24	4.665753426327978478e-24	9.250636558096397161e-24	1.083542178566801875e-24
3.286945000000000050e+02	3.287815524027497531e+02	9.881699727507009977e-24	7.123553089719584421e-24	1.299570885906423330e-23	1.550262383070871848e-24
3.310201000000000136e+02	3.311077064624611808e+02	2.070166071795542848e-24	1.624513701559749934e-24	2.533018003091430889e-24	2.212551172874964001e-25
3.315663000000000125e+02	3.316540288344899068e+02	5.862998752484702477e-23	4.389940777285822933e-23	8.477086554048350934e-23	8.435803811926974198e-24
3.320258999999999787e+02	3.321137153426105328e+02	5.241068836523858303e-23	3.350664741579539156e-23	7.774244951222619629e-23	9.611159074443510628e-24
3.322309999999999945e+02	3.323188494060771632e+02	3.106482534253612037e-23	2.438939216269132106e-23	3.867590986965625187e-23	3.771212698222423234e-24
3.337008999999999901e+02	3.337891646258798346e+02	2.048813933745058160e-25	1.053349564710823620e-25	3.549012237955223902e-25	5.611631486841643079e-26
3.351053999999999746e+02	3.351939918440245378e+02	1.054737454772916461e-25	6.175307111511877144e-26	1.517283084820622242e-25	2.496036720944640693e-26
3.361553999999999860e+02	3.362442317078592282e+02	9.867965703540468587e-23	7.374644652198930830e-23	1.308477770018047227e-22	1.474891076692874758e-23
3.362803999999999860e+02	3.363692125431281283e+02	2.217755429055676067e-24	1.202344366437044931e-24	4.066034970969236183e-24	5.879565545265383377e-25
3.365765000000000100e+02	3.366653634321359618e+02	6.888923746549648564e-23	5.507794871578858876e-23	8.704450665257006527e-23	7.651188986679056331e-24
3.366166000000000054e+02	3.367055041046223209e+02	4.358519416307092521e-23	2.350041951275236744e-23	6.455370037067130998e-23	1.130181934681250381e-23
3.367885999999999740e+02	3.368775337840608017e+02	7.725545189360376035e-24	4.642443232706421562e-24	1.122473087852553779e-23	1.732302333217588848e-24
3.369562999999999988e+02	3.370452633564387952e+02	1.044329321102123710e-21	7.801326891203650088e-22	1.298160994994695458e-21	1.562955760070522855e-22
3.371986999999999739e+02	3.372877851875823012e+02	4.391186864194457013e-23	3.190341283833939253e-23	5.592701716478867655e-23	5.440787847099830175e-24
3.374216999999999871e+02	3.375108337011359936e+02	5.611592214936331106e-23	4.257396815010499600e-23	7.290117785040196084e-23	7.224601218236293664e-24
3.380568999999999846e+02	3.381461875961041414e+02	1.289326873795010518e-21	9.503052219200701135e-22	1.823385675549887618e-21	2.236549076283830736e-22
3.380878999999999905e+02	3.381771895015256746e+02	4.126931911941604597e-23	2.943157069415451434e-23	5.576833208108832164e-23	5.850352367115844699e-24
3.391043000000000234e+02	3.391937862332429745e+02	4.271163857208149188e-22	2.848134494488268942e-22	5.808304028406541327e-22	8.068669701978126373e-23
3.392982999999999834e+02	3.393878570798706278e+02	1.382827910973769344e-21	1.128769407893191021e-21	1.659175241133588047e-21	1.349296416786793093e-22
3.409574000000000069e+02	3.410473534354457570e+02	1.282425154480147669e-23	9.665753528725111183e-24	1.640029203128803112e-23	1.943490955944439611e-24
3.413475999999999999e+02	3.414375976170717877e+02	7.693314584129685662e-23	5.616084938480940755e-23	9.851216773154156221e-23	1.041896872326068890e-23
3.413935000000000173e+02	3.414835605598447614e+02	5.308227664917460256e-23	2.380234965185140298e-23	9.719807737862417463e-23	1.752530244904683039e-23
3.414764000000000124e+02	3.415664463857226565e+02	3.534578839341882026e-21	2.647377276747283339e-21	4.431016382173183848e-21	4.496040652217708014e-22
3.420736999999999739e+02	3.421638732893535462e+02	1.027807153327597380e-24	5.553368011382924142e-25	1.810763581281993084e-24	2.763049902925702166e-25
3.423706999999999994e+02	3.424609844272733312e+02	8.424652005841762622e-22	5.887208314831182702e-22	1.162329061894458873e-21	1.280211313497638723e-22
3.433555999999999813e+02	3.434461075341143896e+02	5.851070222569886973e-22	4.556738403128020147e-22	7.409069880839796936e-22	7.429172867174224817e-23
3.437277000000000271e+02	3.438183021477378816e+02	2.502046562000061689e-22	1.814259152397799197e-22	3.257531749000656109e-22	3.946158466617490502e-23
3.446259000000000015e+02	3.447166444811288670e+02	1.748388769314905531e-21	1.350955159260759928e-21	2.176915955970717884e-21	2.114702887953463365e-22
3.452889000000000124e+02	3.453797899997519494e+02	3.582710506441269340e-22	2.700865735693029651e-22	4.601455251235480099e-22	4.815961411469982249e-23
3.458460000000000036e+02	3.459370082131356980e+02	1.218916754420800204e-21	9.721511621669374500e-22	1.520186572584894798e-21	1.446383942358892716e-22
3.461652000000000271e+02	3.462563328135993856e+02	1.524536200863884594e-21	1.203360320920282666e-21	1.874850491599894110e-21	1.636798880655564720e-22
3.467500999999999749e+02	3.468413219958886771e+02	2.850670847795462812e-23	1.784217480977725994e-23	4.136474965810826944e-23	4.495658199165748706e-24
3.469485000000000241e+02	3.470398130109832096e+02	1.374337070889849548e-23	9.658648483281806635e-24	1.979161283669033994e-23	2.252522470534995096e-24
3.472542000000000257e+02	3.473456129618278965e+02	6.755735266292218105e-22	5.572235478588091222e-22	8.198013192303644695e-22	7.133777841381627152e-23
3.483777000000000044e+02	3.484693072032883947e+02	3.512470094326101836e-22	2.547122142162891062e-22	4.418734073257212724e-22	4.506160088079213756e-23
3.485883999999999787e+02	3.486801342425420671e+02	3.623246054051961500e-23	2.724363476564758827e-23	4.927853715039851261e-23	5.148460882183505789e-24
3.492955999999999790e+02	3.493874390771439380e+02	4.827693298513859468e-21	3.930509864931027441e-21	5.996368741317942973e-21	5.322457495628238614e-22
3.498192000000000235e+02	3.499111898106644958e+02	6.242762280921161434e-26	4.354649356571202230e-26	8.165260182235544145e-26	8.926425980905896354e-27
3.500851000000000113e+02	3.501771492983210692e+02	1.799358144783581865e-22	1.345985664885629101e-22	2.242797643542506062e-22	2.294037294992416440e-23
3.502594000000000278e+02	3.503514642949630797e+02	2.799803243849828241e-23	2.092571656689655419e-23	3.555347326034524212e-23	4.242137378078124599e-24
3.507692999999999870e+02	3.508614912629284390e+02	8.636904141456370004e-24	6.101155974463388125e-24	1.179048282446648841e-23	1.311237191326525566e-24
3.510335000000000036e+02	3.511257662201947483e+02	4.018382944998181778e-21	2.976406432090612000e-21	4.951629570365090267e-21	4.841263400015853196e-22
3.513928999999999974e+02	3.514852469545324993e+02	2.578589711779238519e-23	1.530210882034837625e-23	4.077294005215899797e-23	5.166202672597204166e-24
3.515052000000000021e+02	3.515975973798686596e+02	1.412044486428813794e-21	1.027826669219193305e-21	1.756911793071506552e-21	2.018667334339640294e-22
3.519764999999999873e+02	3.520690125055904787e+02	8.050026153407272604e-23	5.705570308837394314e-23	1.083233709071942483e-22	1.293011261438141334e-23
3.523070000000000164e+02	3.523995274498488470e+02	4.585697226215271261e-25	2.703157604903073353e-25	7.000002665168388020e-25	1.085069983743054890e-25
3.523441000000000258e+02	3.524367133517711750e+02	1.521333978195122587e-23	8.400374317041170696e-24	2.169765687885608863e-23	3.868697621413762319e-24
3.524535999999999945e+02	3.525462424754518906e+02	7.759862752877637484e-21	5.471073714190203615e-21	1.024855272508126967e-20	1.201723603305593612e-21
3.527977000000000203e+02	3.528903938965834755e+02	2.327355084417585085e-23	1.727773770413579641e-23	2.927778488400556077e-23	3.672661795069889074e-24
3.548183000000000220e+02	3.549114415385407710e+02	1.119246082437992078e-22	6.662280583797354800e-23	1.527245758088443050e-22	2.450359337721043813e-23
3.551532000000000266e+02	3.552463834924046182e+02	9.886452914010959193e-24	1.691011726824737938e-25	1.995836134801366512e-23	6.165550526427768584e-24
3.561750999999999863e+02	3.562685308306998877e+02	2.829684518213658735e-23	1.844018099283505055e-23	4.878710493248871012e-23	7.080588009625240639e-24
3.566372000000000071e+02	3.567307367827160078e+02	5.576453575882606071e-22	3.573169651857726389e-22	8.180808687936677791e-22	1.079752402344645510e-22
3.571863999999999919e+02	3.572800710064358327e+02	1.720440031555854531e-22	1.374756508781877969e-22	2.039588618666815052e-22	1.693058037882215242e-23
3.577235000000000014e+02	3.578173224671684807e+02	3.684302513573770924e-25	1.868285710351531081e-25	6.751469726161169836e-25	1.027299651320317490e-25
3.587928999999999746e+02	3.588870010488567459e+02	2.518448667386134414e-23	1.594156021913447618e-23	4.211208720388312193e-23	6.001410519953332572e-24
3.597703000000000202e+02	3.598645784108777548e+02	6.695913246295054453e-22	4.861530235567785534e-22	8.788479776484178491e-22	1.026298854022322715e-22
3.602278000000000020e+02	3.603222494491838006e+02	2.387444578169927438e-23	1.680596098124663949e-23	3.038578093848532719e-23	3.376540518545654561e-24
3.609313000000000216e+02	3.610258991110898705e+02	3.245305583219168233e-23	2.400156008153232994e-23	4.440351156982161186e-23	4.513270738800154665e-24
3.610461999999999989e+02	3.611408327967168930e+02	5.454136860725292770e-22	4.301127756937797042e-22	6.517041426324462674e-22	5.702419053355671563e-23
3.612740000000000009e+02	3.613686997949433248e+02	1.592012020501143971e-22	1.180467511427064381e-22	2.030099546822709357e-22	2.003277179267920080e-23
3.619390999999999963e+02	3.620338956590003363e+02	6.688425770192430154e-22	5.298623422791393564e-22	8.565591016475397172e-22	7.517649101237308864e-23
3.620027000000000044e+02	3.620975289859664485e+02	1.499427449887897550e-25	8.639959615867951315e-26	2.171818024893082548e-25	3.623872227954409864e-26
3.624730999999999881e+02	3.625680390394243204e+02	9.375011570308532384e-24	7.046099778783028963e-24	1.207671530847193933e-23	1.337022013416852135e-24
3.641634999999999991e+02	3.642588603216519232e+02	4.509437336690194212e-25	2.674100803473921684e-25	6.462114180541584201e-25	1.108990865551363480e-25
3.664091000000000236e+02	3.665050151806444774e+02	9.392278404493386994e-23	5.666051881475278347e-23	1.357095213500345120e-22	2.298648823069775778e-23
3.669238000000000284e+02	3.670198144939992062e+02	1.082137451765676268e-23	6.624322470453620693e-24	1.483999880831184270e-23	2.220476522310183092e-24
3.670425999999999931e+02	3.671385968500682111e+02	4.545377119881936460e-23	2.635136072472394395e-23	6.654957564599818276e-23	1.081149515610184826e-23
3.674062000000000126e+02	3.675023341830767549e+02	2.688674951518431083e-23	1.227530834752368094e-23	4.213270236838081060e-23	8.329219946939865759e-24
3.674144000000000005e+02	3.675104920543157618e+02	3.761850135623795199e-23	2.287869120573407050e-23	5.724704344545810455e-23	9.057030968145426368e-24
3.688414000000000215e+02	3.689377975943586421e+02	1.441797773594162895e-23	8.612294098021857549e-24	2.084826621494554833e-23	3.394204476310784041e-24
3.722488000000000170e+02	3.723460339838637196e+02	5.877780786612667416e-23	3.594250891140361670e-23	8.381482539201127892e-23	1.429606959254996962e-23
3.736809999999999832e+02	3.737785812512948951e+02	3.086102069127793423e-23	1.428497772458668983e-24	6.127293242275763347e-23	1.457111214749353003e-23
3.739225999999999885e+02	3.740202464398184361e+02	2.230661200346291238e-23	1.184916975107418512e-25	3.772212431213255640e-23	1.010240222385393817e-23
3.749044000000000096e+02	3.750022746594023602e+02	5.911616141658984215e-24	4.414000623824625540e-24	7.660201494208435726e-24	8.557322082768101256e-25
3.775570999999999913e+02	3.776555762066408306e+02	1.523354479986896135e-22	1.135159943616788023e-22	1.941605092506455387e-22	2.107959554627302864e-23
3.783530000000000086e+02	3.784516548526682982e+02	1.100996894491276964e-22	7.938804442770659573e-23	1.384011368630041725e-22	1.499775483592432382e-23
3.792339000000000055e+02	3.793327549440944040e+02	1.989322501398289890e-24	1.213470039047460747e-24	2.847566936567329956e-24	4.274679875231807145e-25
3.793607000000000085e+02	3.794596422914453910e+02	1.297708180621721439e-23	7.431598780877053552e-24	1.894821929770338741e-23	3.118534160142933523e-24
3.807139999999999986e+02	3.808132646430791510e+02	2.208053453681790625e-22	1.667185047811928649e-22	2.716535685502433705e-22	2.971191926080855665e-23
3.831691000000000145e+02	3.832689080730294222e+02	6.736100424621014964e-23	4.973649214904837985e-23	8.797806348702435375e-23	9.681058660458535817e-24
3.832871000000000095e+02	3.833869479487474905e+02	1.909093991948536021e-24	1.399863058203107169e-24	2.404235141396634650e-24	2.482650722275213314e-25
3.858297000000000025e+02	3.859301384965776833e+02	2.113417907963833069e-22	1.547012994056766580e-22	2.764695130508979224e-22	3.071591652643228368e-23
3.885869999999999891e+02	3.886880859292113541e+02	7.469868656855342939e-26	5.071263911159911456e-26	1.047464732198028817e-25	1.253815936006990050e-26
3.946191000000000031e+02	3.947216238533351884e+02	4.368222385509588948e-26	3.245670586647699273e-26	5.404719780889444743e-26	6.414328537124167937e-27
3.973555000000000064e+02	3.974586651617971143e+02	2.615542355139392802e-23	1.502698511267012120e-23	3.797080032858948527e-23	5.845742025219623992e-24
4.010009999999999764e+02	4.011050652805834034e+02	3.747319821197458526e-32	7.381164024619978947e-35	7.418378708194348493e-32	2.178223602768565529e-32
4.027663000000000011e+02	4.028708062820369378e+02	3.523017845509957560e-31	1.534480136756579415e-31	6.598079887992796843e-31	1.159561309844740310e-31
4.035948999999999955e+02	4.036996164970902328e+02	2.078085231672820311e-32	9.773864884554015445e-34	4.623273586983150042e-32	1.198387026652074175e-32
4.093616000000000099e+02	4.094676302322765764e+02	3.259113006682196128e-27	2.157073700078944545e-27	4.727331475843493493e-27	5.599541990375581594e-28
4.200453999999999724e+02	4.201540236650761244e+02	4.672452670773780882e-31	2.320501753563226367e-31	7.135620256987071465e-31	1.318080560198276409e-31
4.295881999999999721e+02	4.296991138758941133e+02	6.914565878642448276e-31	3.598301546278724666e-31	1.018277037888398290e-30	1.845622116497817495e-31
4.331641999999999939e+02	4.332759611024680453e+02	1.714883151468075620e-24	8.820321160717714382e-25	3.250264600248038384e-24	4.422229249993860031e-25
4.382873999999999910e+02	4.384003348408627971e+02	5.979995226417234132e-32	1.539396483177484776e-33	1.394413085015114219e-31	3.523540666113788083e-32
4.401541000000000281e+02	4.402675127752341382e+02	8.279851384685901528e-30	4.536851792305306211e-30	1.283990942618750654e-29	2.025294361066251024e-30
4.410518000000000143e+02	4.411654821309539329e+02	8.993765093072443493e-31	4.266225377015655941e-31	1.434464495787370743e-30	2.753723945823728907e-31
4.431032999999999902e+02	4.432174253377665991e+02	2.676767823814068431e-31	1.311678539273223177e-31	4.172414029571577922e-31	8.565286345250480861e-32
4.437570999999999799e+02	4.438713957944069080e+02	7.126199168116457949e-32	3.462076431396799596e-32	1.011523038069705942e-31	1.876954936882571096e-32
4.450090999999999894e+02	4.451236720567312091e+02	3.219686723535473582e-32	9.586604338051776306e-35	7.323082911358751830e-32	1.908829345643219419e-32
4.462454999999999927e+02	4.463603793138142350e+02	2.837493892909566638e-30	1.443820874912025527e-30	4.904180048676129606e-30	8.104783260743595354e-31
4.470477000000000203e+02	4.471628127930783307e+02	4.019228357434720607e-30	1.836065034025243845e-30	6.513152835356677108e-30	1.288353463077868752e-30
4.512989999999999782e+02	4.514151099546554065e+02	2.043254215487488241e-31	8.626093510791306548e-32	3.454762927860079068e-31	6.515042020093169135e-32
4.519982999999999720e+02	4.521145676186047808e+02	1.217968763649488294e-25	6.568628398793429457e-26	1.890652389263686097e-25	3.023326730595768321e-26
4.523142000000000280e+02	4.524306054141628692e+02	1.207130716177043068e-25	3.300962393956490932e-26	3.283458013700033139e-25	5.666138616547194062e-26
4.523142000000000280e+02	4.524306054141628692e+02	8.299023673717171045e-29	4.762642695600901906e-32	3.061453023812784437e-28	6.613851660045321740e-29
4.551224000000000274e+02	4.552394462835546847e+02	3.476022263729288351e-31	1.717930303677844248e-31	5.337459368349470989e-31	9.944728955628303937e-32
4.553168000000000006e+02	4.554338654993650266e+02	2.566679121169050742e-30	1.260540551335239744e-30	4.108148842577992224e-30	6.973130583238970523e-31
4.565443999999999960e+02	4.566617617382642038e+02	2.952492084469433046e-28	3.482763423279329253e-30	1.595170897323179819e-27	2.825497357435888754e-28
4.567409999999999854e+02	4.568583998451847492e+02	3.342160900700281874e-32	1.646352433854185806e-32	5.181549348619357174e-32	1.018078839470470700e-32
4.600359000000000265e+02	4.601541147433106858e+02	4.878469748713692141e-30	2.600230512480458491e-30	7.966681772623423716e-30	1.427024505154861865e-30
4.604986999999999853e+02	4.606170772400228657e+02	4.723267703101219304e-30	2.376197919104023746e-30	7.536286797554539586e-30	1.455728668611544311e-30
4.606220999999999890e+02	4.607404676721141072e+02	1.751266297271703525e-30	8.344334514127071784e-31	3.186289081343167966e-30	5.483530833292897506e-31
4.633032999999999788e+02	4.634223299760504915e+02	1.769314175647138995e-32	6.828493834085074455e-34	3.587954670953345863e-32	1.043781877787311114e-32
4.648652000000000157e+02	4.649845838140688556e+02	3.921120036988979461e-30	2.216758379231701724e-30	5.904938118550299669e-30	9.355240129510465722e-31
4.666985999999999990e+02	4.668184210635680529e+02	5.658070815904890249e-31	2.745880446703992947e-31	1.010801861662841763e-30	1.703310865263138959e-31
4.675593000000000075e+02	4.676793694044355902e+02	1.445853896960223744e-31	6.824610749412585699e-32	2.194095224838568995e-31	4.234930071487203460e-32
4.686213000000000193e+02	4.687416063805172257e+02	2.225185307589671650e-30	1.061660600786171360e-30	3.861377976323656975e-30	7.062506676096518345e-31
4.698389999999999986e+02	4.699595938557650356e+02	2.305746855981639572e-31	1.097186081375336457e-31	3.633321975892765063e-31	6.947139177057210353e-32
4.701351999999999975e+02	4.702558307812233238e+02	5.273377879847803271e-31	2.737902636433833312e-31	7.932765827525549490e-31	1.335401347172002187e-31
4.701530000000000200e+02	4.702736336816739140e+02	7.880801520932309937e-31	3.594141865459410504e-31	1.295618291169724985e-30	2.733503478400382717e-31
4.710659999999999741e+02	4.711869025858622990e+02	2.897697695631992438e-26	1.750610910712787006e-29	1.080901942692430342e-25	2.246252397899578535e-26
4.714417000000000257e+02	4.715627082969319872e+02	9.357804409662781583e-30	4.350997442381429588e-30	1.947765000014975153e-29	3.250921507747013291e-30
4.715761999999999716e+02	4.716971732472346162e+02	4.010712044888051710e-30	2.013896913237279612e-30	6.283432443994725885e-30	1.294789091227568156e-30
4.729275999999999840e+02	4.730488944643477112e+02	9.975580732807717837e-32	1.172092381480588079e-33	2.024783608127525180e-31	6.376763445197554416e-32
4.731798000000000002e+02	4.733011847481494669e+02	7.440763639617890786e-31	3.549241901406570191e-31	1.358030572454854352e-30	2.734780354682571567e-31
4.732456999999999994e+02	4.733670779679957263e+02	5.200892569519993135e-31	2.345419454746465767e-31	8.071220799928101705e-31	1.345206719674061023e-31
4.740165000000000077e+02	4.741380518501217125e+02	7.538091710629358026e-32	8.908550571565591150e-34	1.519927227765842951e-31	4.232610333751895270e-32
4.752420000000000186e+02	4.753638759867932322e+02	1.087812877231177019e-29	4.944337361078306921e-30	1.829490120301224192e-29	3.435343277957047464e-30
4.756514999999999986e+02	4.757735165102509427e+02	2.395126443062856129e-30	9.437491865700492487e-31	4.957051036864513521e-30	1.001734667951667119e-30
4.758419999999999845e+02	4.759640568751476621e+02	4.051907186078192869e-32	1.736531157859862166e-32	6.939247664054272898e-32	1.295489534603067661e-32
4.762626999999999953e+02	4.763848091660936461e+02	6.127394991160794964e-25	3.327933583728771013e-25	1.105487887573077864e-24	1.913724498765557682e-25
4.773410999999999831e+02	4.774635004505730649e+02	1.039340113542128837e-31	4.629603053986289883e-32	1.687457484119188430e-31	2.991902591312143909e-32
4.786281000000000176e+02	4.787508354783744835e+02	3.417512987213319638e-25	1.925144250111501480e-25	4.815776972045943471e-25	7.917988702607075380e-26
4.786535000000000082e+02	4.787762559590753426e+02	3.606579303315646703e-30	1.332047094306781819e-30	5.973701525330434643e-30	1.015242194906364747e-30
4.790964999999999918e+02	4.792192896372939117e+02	6.368023328721176497e-26	3.574569722712608027e-26	1.192115813436987626e-25	1.877302400709335108e-26
4.793426000000000045e+02	4.794654929468073306e+02	1.116472193561574514e-31	5.636196010903432667e-32	1.901354407790291293e-31	3.221474587167737164e-32
4.806992999999999938e+02	4.808225160174388293e+02	1.655842389247630469e-30	8.614194767491776113e-31	2.555108804874892516e-30	4.629852901482420717e-31
4.808874000000000137e+02	4.810106672749308814e+02	1.521476993644075530e-31	6.736763814131544209e-32	2.749823124887546810e-31	5.692114656185891805e-32
4.811983000000000175e+02	4.813216301186954524e+02	3.498742811871337005e-30	1.744819509525519994e-30	5.290287903931881769e-30	1.013191180724325476e-30
4.813254000000000019e+02	4.814487610765552859e+02	1.347068937141814886e-30	1.761471750069166879e-32	4.408500262912750031e-30	1.047733386085830688e-30
4.813254000000000019e+02	4.814487610765552859e+02	5.671869209018168297e-26	1.449867267647831957e-26	2.660067692357566684e-25	3.586585174123317550e-26
4.814597999999999729e+02	4.815831952470963984e+02	1.689203169400472715e-31	8.721998397311409428e-32	2.607775868665454800e-31	4.633356590512728918e-32
4.815932999999999993e+02	4.817167066698589224e+02	3.307831574842945509e-31	1.719771540579562538e-31	5.515698105995236159e-31	9.130780373791126263e-32
4.817817999999999756e+02	4.819052566195600207e+02	2.538731851704211962e-31	1.183277082564171990e-31	4.381293565451584570e-31	7.899786950022722585e-32
4.821118999999999915e+02	4.822354697909651691e+02	2.470280939917958113e-31	1.198660516030559915e-31	3.715898110847965825e-31	6.205875759129214579e-32
4.829023000000000252e+02	4.830260603336998315e+02	5.868229436090850897e-30	2.705009927124121784e-30	9.359905406002625571e-30	1.943959348462316651e-30
4.831175999999999817e+02	4.832413702477043671e+02	3.131919824352111304e-30	1.641946130029626214e-30	4.756827488872187037e-30	9.324734372950225539e-31
4.838643000000000143e+02	4.839882934463169022e+02	7.944531275152284251e-31	3.644222770963653659e-31	1.369743387930469935e-30	2.754907108934400789e-31
4.843158000000000243e+02	4.844399035617954610e+02	1.325694980730941196e-25	7.250746336567880237e-26	2.399407969281768682e-25	3.755374883392489617e-26
4.843509999999999991e+02	4.844750857667023638e+02	1.587309749068674969e-31	7.328291226952074805e-32	2.663828530995948303e-31	5.134151219781860551e-32
4.845169000000000210e+02	4.846409968099504795e+02	3.600648824698903842e-32	1.829867075758987224e-32	5.513594546876394826e-32	1.028996122281075748e-32
4.852554000000000087e+02	4.853797456828154395e+02	3.328863330251747248e-30	1.659416971359559005e-30	5.288958701381419606e-30	1.027144845167088172e-30
4.855410999999999717e+02	4.856654832899075700e+02	2.042776896598965854e-29	8.694890175713234480e-30	3.356564920586823431e-29	6.587931093640746240e-30
4.900971000000000117e+02	4.902225677134674697e+02	9.784356973671085477e-32	3.521522370690862915e-33	2.305311086453954122e-31	6.051810883416635214e-32
4.904411999999999807e+02	4.905667605360404195e+02	2.779446620951878193e-29	1.412721121632081760e-29	4.348202691320483246e-29	8.095839172437880068e-30
4.912017999999999915e+02	4.913275620076180985e+02	2.635929010078338504e-30	1.114560289311295065e-30	4.530720867053767732e-30	8.671029865449823259e-31
4.913972999999999729e+02	4.915231081579678971e+02	1.157255133675311702e-29	4.350313942636902780e-30	2.030618284511232376e-29	4.414250694995196464e-30
4.918364000000000260e+02	4.919623193791343851e+02	1.422458640002179816e-30	7.804920221539771072e-31	2.148927863852719505e-30	3.828353611233327670e-31
4.925563000000000216e+02	4.926824263403285613e+02	1.132764683243999304e-30	5.447853329904388356e-31	1.850374060462969835e-30	3.505534821784608851e-31
4.935831000000000017e+02	4.937093932911823799e+02	2.038053903147630880e-30	1.082094426644372179e-30	2.968275648704412812e-30	4.622533621365663742e-31
4.937348000000000070e+02	4.938611527969504778e+02	3.012794201609211055e-30	1.507063091769110858e-30	4.367303070471181567e-30	7.881313754205674119e-31
4.945445000000000277e+02	4.946710220892344410e+02	9.157171593965064356e-31	4.495683386993956085e-31	1.509818797511851924e-30	2.779476103937599330e-31
4.946032000000000153e+02	4.947297582843100940e+02	1.671777909928955715e-31	8.273831970850539702e-32	2.820350364955528102e-31	5.132303550850735433e-32
4.953208000000000197e+02	4.954475628102389919e+02	1.804493000212360011e-30	8.347939334266127677e-31	2.834109862780544359e-30	5.233138881158562173e-31
4.967524000000000228e+02	4.968794887672614209e+02	4.170361959951449700e-31	2.036886809874929022e-31	6.844271421233705846e-31	1.188474134778187649e-31
4.976134999999999877e+02	4.977407660632176771e+02	1.992310006821644200e-31	1.001724632864441188e-31	3.121946852975200955e-31	6.094133994981795889e-32
4.976326000000000249e+02	4.977598684455185207e+02	4.934484693271486624e-25	3.932896060309348983e-25	5.909442647913011360e-25	5.234295890974260055e-26
4.976696999999999775e+02	4.977970120341527149e+02	5.617565599322560287e-32	2.946252314394719704e-33	1.146669667274907104e-31	3.195177267941152308e-32
4.980172999999999774e+02	4.981446809474066981e+02	4.009455653550399410e-30	2.047383473231793747e-30	6.292554783637615981e-30	1.183982287522993420e-30
4.995649999999999977e+02	4.996928207524131835e+02	1.935461690142122775e-31	1.042611802977765007e-31	2.964989975753578608e-31	5.549447458281905463e-32
4.996843999999999824e+02	4.998122552111800587e+02	1.919699601758409148e-30	9.332131289429902406e-31	2.802838170716721816e-30	4.886017421863041606e-31
4.998224000000000160e+02	4.999502678350934275e+02	7.445720421569375077e-31	2.758280621974140870e-31	1.462698906127403290e-30	2.668981584084138392e-31
5.000342999999999734e+02	5.001621703785188515e+02	1.383807592013219459e-30	7.501176840310389754e-31	2.006833379654397540e-30	3.464555955705987132e-31
5.003740999999999985e+02	5.005020542737277651e+02	2.133738945831076679e-25	1.698571574092211577e-25	2.566412850306483518e-25	2.117877004201737163e-26
5.010937999999999874e+02	5.012219714344265640e+02	1.517973265621425874e-30	7.657190157825324195e-31	2.303125840458348806e-30	3.839052733840498769e-31
5.012443000000000097e+02	5.013724526961971151e+02	2.075329105657451231e-30	1.105452050159755804e-30	3.387256888646289385e-30	6.178827867673287093e-31
5.017576000000000249e+02	5.018859192296569063e+02	3.822791128645619719e-30	1.337240257217180196e-30	7.958138110369467507e-30	1.566288988660458848e-30
5.027318000000000211e+02	5.028603753593001215e+02	1.018193072624382047e-28	2.247157390213483902e-31	5.548533988838604705e-28	9.340371645520491438e-29
5.032726999999999862e+02	5.034014000224715915e+02	1.208813296601743644e-31	6.150605356728358655e-32	2.017705672107928337e-31	3.634922988739438665e-32
5.035362000000000080e+02	5.036649668324193385e+02	8.632764381242346184e-30	4.160011104065372036e-30	1.343170512998131444e-29	2.631184745325826829e-30
5.039356999999999971e+02	5.040645826949503316e+02	1.277611643762639510e-30	2.338205482650446174e-32	2.484831042660743341e-30	6.981465013173561005e-31
5.042187000000000126e+02	5.043475657030354569e+02	4.756092090706308035e-30	1.997010379337269435e-30	8.108140882393132521e-30	1.750796413301602993e-30
5.048847000000000094e+02	5.050137809238132718e+02	1.310187266210820472e-30	6.675940716944469009e-31	2.163404151653908901e-30	3.654598070100176859e-31
5.079957999999999743e+02	5.081256654789252138e+02	6.526917542955527115e-25	3.989972858790462734e-25	9.300701553617497996e-25	1.575641507215971899e-25
5.080532999999999788e+02	5.081830951319243468e+02	6.619376367358571876e-30	3.225055844910891584e-30	1.012079438020658099e-29	2.015806228612080442e-30
5.081109999999999900e+02	5.082408994085405993e+02	1.541469521939962163e-30	9.067493419403324860e-31	2.278926452337185740e-30	3.404784197046376414e-31
5.082343999999999937e+02	5.083643005103835435e+02	9.932363188098218389e-30	4.496529368486494397e-30	1.654409781180447737e-29	3.166536797579532578e-30
5.084101999999999748e+02	5.085401523779551098e+02	7.558394082922986441e-30	3.734704065382736497e-30	1.168063529942186243e-29	2.336795921811032663e-30
5.085477999999999952e+02	5.086777490859656154e+02	5.816871917640128013e-31	7.075248434178083405e-33	1.204857731048653382e-30	3.510420872977243671e-31
5.088962000000000216e+02	5.090262774010403746e+02	1.651076640792411731e-31	7.681131362877126642e-32	2.740657318416152944e-31	5.189344571875280040e-32
5.094411000000000058e+02	5.095712582518358431e+02	3.602498428625191736e-30	1.672893948331780163e-30	6.000183761043661919e-30	1.083745480137257542e-30
5.099936999999999898e+02	5.101240171243718464e+02	8.480984588724149171e-30	4.262413796427206878e-30	1.325274552202605443e-29	2.289140605369322657e-30
5.102966000000000122e+02	5.104269775081054377e+02	7.404659761293563525e-25	5.533190261531144513e-25	9.432038043628545688e-25	8.867778339069748516e-26
5.115391999999999939e+02	5.116699149493093159e+02	4.689361693542419669e-30	2.227235413557455697e-30	7.471586733328494686e-30	1.495566858763386459e-30
5.129378000000000384e+02	5.130687951311202823e+02	4.070886227939168139e-30	1.895463240891774023e-30	6.067159636704571882e-30	1.131301170337844912e-30
5.137074000000000069e+02	5.138385994948225743e+02	5.613011136423468528e-24	3.999554442883480118e-24	8.824393785781567200e-24	1.095959306924612411e-24
5.155126000000000204e+02	5.156442500678132319e+02	1.164239248317857885e-30	6.092535534502032208e-31	1.735740255865344581e-30	3.074977026653671554e-31
5.155764000000000351e+02	5.157080728032976822e+02	2.325469720384845207e-30	1.003797891389900359e-30	4.022902018153290221e-30	7.062748934568675661e-31
5.157980000000000018e+02	5.159297667525805764e+02	1.097026229464086204e-31	3.354935806992808949e-34	2.934209474382680560e-31	6.997815064504097695e-32
5.176559999999999491e+02	5.177882122994628844e+02	1.617126912663472555e-30	8.376357073037514470e-31	2.690117858486793907e-30	4.461718991443563772e-31
5.179121999999999844e+02	5.180444116715925702e+02	4.666643407284140646e-31	2.479783256261250102e-31	7.102305722651877721e-31	1.343159070450588366e-31
5.187820000000000391e+02	5.189144432342230857e+02	2.046055438077515260e-31	8.242679647220170203e-33	4.315737481518646751e-31	1.134877119644229539e-31
5.197160000000000082e+02	5.198487143225063392e+02	2.023722576303927420e-31	9.897234679244382784e-32	3.146097856367975918e-31	4.699208257878596597e-32
5.220290999999999713e+02	5.221622970666115862e+02	1.609540560258340656e-31	7.960177058894657798e-32	2.648287607394446006e-31	4.637496548643336798e-32
5.262826999999999771e+02	5.264170227421943764e+02	1.884639337026274534e-32	5.933681490463159487e-34	3.867912236030992659e-32	1.060214698884072247e-32
5.265711999999999762e+02	5.267055254855054045e+02	6.738906564595655087e-32	1.059755696051067353e-34	1.635747801944265109e-31	4.094737495992817293e-32
5.347708000000000084e+02	5.349071529875571969e+02	2.772690302053639840e-32	1.375930884657780548e-32	4.616061265394380298e-32	8.094496644280281048e-33
5.348283999999999878e+02	5.349647290014837608e+02	1.403730788777260223e-25	1.498563771635768787e-27	3.456810720103708344e-25	7.719084188358155371e-26
5.353391000000000304e+02	5.354756146149775304e+02	4.954838994750495136e-25	2.836854397943538807e-25	7.446363600866347779e-25	1.251883491721232304e-25
5.371330000000000382e+02	5.372699521061410906e+02	5.204846016953814787e-31	2.705583587296770722e-31	8.182315488522517808e-31	1.348684909569458599e-31
5.388343999999999596e+02	5.389716979840150088e+02	5.341496090999919068e-26	2.970622920457248997e-26	8.856195012962972448e-26	1.412896526306980229e-26
5.392331000000000358e+02	5.393705260300899909e+02	1.710059748978834650e-31	8.255408503199726786e-32	2.871444192520085434e-31	5.151801855253288185e-32
5.424645000000000437e+02	5.426027226813457673e+02	3.142637435842110302e-25	1.608344507917938608e-25	5.667036158579550417e-25	9.122496772667542323e-26
5.435857999999999493e+02	5.437242615121239169e+02	7.726145590232726868e-25	4.424702067659452052e-25	1.126089481704938893e-24	1.915638072984588530e-25
5.452861000000000331e+02	5.454249881345818949e+02	6.451336845451306225e-31	3.292363898599562895e-31	1.002024014949948502e-30	1.832692375326401489e-31
5.453229999999999791e+02	5.454618800483303858e+02	5.578009464393547984e-32	2.417898322972017847e-32	8.801888683779112147e-32	1.798650559034840192e-32
5.462492999999999483e+02	5.463884596592099570e+02	6.580964779735467344e-31	3.413861163308743840e-31	9.967143130606414266e-31	1.900043416885206820e-31
5.468103999999999587e+02	5.469496774295322439e+02	7.050269952896891828e-32	3.431807704775630036e-32	1.088033420087122301e-31	2.171385007625937243e-32
5.475430000000000064e+02	5.476824052408389889e+02	2.175759309824265749e-31	9.740360222550033571e-32	3.423130850551812945e-31	6.240730266989057463e-32
5.476903999999999542e+02	5.478298467251937609e+02	5.815701312087281566e-23	4.004558882506681219e-23	8.445170720434762268e-23	9.803568238707032882e-24
5.494880000000000564e+02	5.496279526593698392e+02	1.217860433087264335e-31	5.612894319122535263e-32	1.984551710372600648e-31	3.907570358504528699e-32
5.499406000000000176e+02	5.500806563896338730e+02	1.184820683398174516e-32	1.839154082494071077e-34	2.436556457762678755e-32	6.864302212986950193e-33
5.504094000000000051e+02	5.505495647480331627e+02	6.071467898476572117e-32	2.427977128171421735e-32	1.228232103234581442e-31	2.160673106365705264e-32
5.514792999999999665e+02	5.516197465033717435e+02	1.419894346597588503e-31	6.103663182027313206e-35	2.973788970651136665e-31	8.744025460783707393e-32
5.537105999999999995e+02	5.538515273978746336e+02	2.057478717548223922e-32	8.112700047198092793e-33	4.060954461055697277e-32	7.612105740407342422e-33
5.553690000000000282e+02	5.555104009406223895e+02	2.570638712269476566e-25	1.992281524422379409e-25	3.172808683937984156e-25	3.097780099570777536e-26
5.578718000000000075e+02	5.580138154481996935e+02	6.238665765886918558e-25	3.624343952935941291e-25	1.062387965081806310e-24	1.737583520597241483e-25
5.587857999999999947e+02	5.589279848653654881e+02	7.005880483407376500e-25	5.634048897654808728e-25	8.422940328180482033e-25	7.601067828661296913e-26
5.589357999999999720e+02	5.590780433341695925e+02	9.500389384811370737e-31	4.420963716646875986e-31	1.500871147054888307e-30	2.714413353259142070e-31
5.592261999999999489e+02	5.593684830067796838e+02	1.123279729637462478e-24	9.067013455742198774e-25	1.401995393245666356e-24	1.177144239968904186e-25
5.593736000000000104e+02	5.595158979109702386e+02	3.887753846346386232e-31	2.013681679144430802e-31	6.267881970256312238e-31	1.128921149179038064e-31
5.625317000000000007e+02	5.626748042288346596e+02	6.944573464855607202e-31	3.173253754266117536e-31	1.515342619676413114e-30	2.604342592027992478e-31
5.637119000000000142e+02	5.638552875181982245e+02	1.574104557948421845e-30	7.626427955454502727e-31	2.826625152411883559e-30	4.884113202747191427e-31
5.638746999999999616e+02	5.640181198861033636e+02	4.655195492810019197e-31	2.309643527509191765e-31	7.626067654685419828e-31	1.349914489956126184e-31
5.641880999999999631e+02	5.643316141782230488e+02	1.831986416551792688e-31	7.551477336476726035e-32	3.232323948301634542e-31	5.540264324730364956e-32
5.642604000000000042e+02	5.644039815565768095e+02	1.233540017633185318e-31	1.061441633343920172e-33	2.433742886689516213e-31	6.916457096925170371e-32
5.643078000000000429e+02	5.644513552909952523e+02	9.163598512881168200e-32	4.656829580321775242e-32	1.508040993668675169e-31	2.971544473332669461e-32
5.663985000000000127e+02	5.665425143530122796e+02	3.393443595740452045e-31	1.524160649346757258e-31	5.474746108221845622e-31	1.094822934170953143e-31
5.682199000000000524e+02	5.683643828031111980e+02	1.886242150893126100e-31	7.221073119725871804e-32	3.672010511898053061e-31	7.822105961649911933e-32
5.694982999999999720e+02	5.696431542037868212e+02	7.716074538506097606e-30	3.517960429230999992e-30	1.185126680470405770e-29	2.118339839881001229e-30
5.709545000000000528e+02	5.710996590747631672e+02	1.284834839154883073e-24	7.162309526344997025e-25	1.927934937163437412e-24	3.064822078387799199e-25
5.711888000000000147e+02	5.713340376603890718e+02	1.202779285703193529e-24	9.473036193420258233e-25	1.526670489010273495e-24	1.342376893161154192e-25
5.748351000000000113e+02	5.749811994506839028e+02	5.625967397582892356e-25	2.637566742741151621e-25	8.826260203864659680e-25	1.703267359748328319e-25
5.749297000000000253e+02	5.750758359042074517e+02	3.050840426161714932e-32	1.499835578779379246e-32	4.753452962148438663e-32	9.435205809223909110e-33
5.754655999999999949e+02	5.756118366501575565e+02	1.806159732941817446e-24	1.295320199128018049e-24	2.774783032393223405e-24	3.252756819914740879e-25
5.760829999999999700e+02	5.762294142780733637e+02	6.624506851286110842e-31	3.314003048058354683e-31	9.839880294302234036e-31	1.778038872345263277e-31
5.805217000000000098e+02	5.806691729012483165e+02	4.629149504774538929e-31	2.257753141144362233e-31	7.558407386862078471e-31	1.462617199563727249e-31
5.846993999999999687e+02	5.848478825595071839e+02	2.836674839263750137e-25	1.571404308704208984e-25	4.304740135367996256e-25	6.941628233787569282e-26
5.892871999999999844e+02	5.894368048867439711e+02	1.650003729297800399e-24	1.191788621137518278e-24	2.428747297268786317e-24	3.034965051286050128e-25
5.996730000000000018e+02	5.998252117303450177e+02	2.911554959596267826e-31	1.398028198448665843e-31	5.011033427323110317e-31	8.600622661949663805e-32
6.007309999999999945e+02	6.008834441664845372e+02	2.331070156699666136e-25	8.468974909545337370e-26	4.368618622681154496e-25	7.637008140536596088e-26
6.025753999999999451e+02	6.027283057120008607e+02	4.939490396786015925e-32	2.665672405358737222e-32	9.212960480382130487e-32	1.476826686306888440e-32
6.039298000000000002e+02	6.040830363276523940e+02	7.613542285598381331e-32	3.645811363337968797e-32	1.262816451433288645e-31	2.320989473294769228e-32
6.053685000000000400e+02	6.055221069321466985e+02	1.661853715032946266e-31	8.305177205847556794e-32	3.008306603930907322e-31	5.235821480493724957e-32
6.086281999999999925e+02	6.087825419044223736e+02	9.861210412184051421e-31	4.655693863557226487e-31	1.634661959845847302e-30	3.391896005486534883e-31
6.105761999999999716e+02	6.107310920332978412e+02	2.455434416229487279e-31	1.115268804947448484e-31	4.119142999862334195e-31	7.330514844187433261e-32
6.108115999999999985e+02	6.109665091442780067e+02	2.914563575692430015e-24	1.780581478083819966e-24	4.112568376017409021e-24	6.929445145932724434e-25
6.111069999999999709e+02	6.112620353902381112e+02	5.476832104161009047e-31	2.716458133772004141e-31	8.455978701770943751e-31	1.458142140099664870e-31
6.119756999999999607e+02	6.121308837661138114e+02	3.808316644835734815e-31	1.756836155913235333e-31	6.204211630020307467e-31	1.200814296414497307e-31
6.128972999999999729e+02	6.130527522544058456e+02	2.471530431779874851e-25	1.382155099810989039e-25	3.668106687678877072e-25	5.893398698318583599e-26
6.130135000000000218e+02	6.131689471547465473e+02	8.553458500611783756e-31	4.482313553251991496e-31	1.367886112968431083e-30	2.622109627623589143e-31
6.133962999999999965e+02	6.135518258872953083e+02	8.996519348832176432e-32	4.241051290086154965e-32	1.492961191302891538e-31	2.587984472570899204e-32
6.175366999999999962e+02	6.176932243728485901e+02	5.558578097352874800e-30	2.770459765181310977e-30	8.607104446234224892e-30	1.543897204001598948e-30
6.176811000000000149e+02	6.178377525909369297e+02	7.996698583929466336e-31	4.162955227093225436e-31	1.292342154054650793e-30	2.272733190471775814e-31
6.177241999999999962e+02	6.178807768208387188e+02	2.546929670468253037e-25	1.223458247696965145e-25	4.176170966047578601e-25	7.841041333298640867e-26
6.186711000000000240e+02	6.188279474134179736e+02	6.509054266249491384e-31	3.215741695940353113e-31	9.987006926914612784e-31	1.921236331716051640e-31
6.198624999999999545e+02	6.200196253661973742e+02	1.918239240146872964e-31	8.234795648317346968e-32	3.322923478271916930e-31	5.867284743226663629e-32
6.204604000000000497e+02	6.206176878408485891e+02	1.713725807562329654e-31	7.119012034821953568e-32	3.599886835850786625e-31	5.790108091332511272e-32
6.223984000000000378e+02	6.225561478228203214e+02	2.450576391935568554e-31	1.290140802616614191e-31	3.673192964346347762e-31	6.670416169871649226e-32
6.230089000000000397e+02	6.231668052295991629e+02	5.306798652808341206e-31	1.288132243297438388e-32	1.063258924057221812e-30	2.989867921482567686e-31
6.256354999999999791e+02	6.257940826175337179e+02	5.225682653597975002e-24	2.605620469812466386e-24	7.884333015743573580e-24	1.377138155023978134e-24
6.271767999999999574e+02	6.273357525305483477e+02	7.867706655228711255e-32	4.160570301612222105e-32	1.283608043179007751e-31	2.257700512419000672e-32
6.272627999999999702e+02	6.274217963860285181e+02	7.005902062026853387e-32	3.350946440596829824e-32	1.097245239394627670e-31	2.057672961289887089e-32
6.314659000000000333e+02	6.316258394777057674e+02	3.205719818042389218e-24	1.411374576170743826e-24	5.762870258033485989e-24	1.103079584604390416e-24
6.316574000000000524e+02	6.318174784104915034e+02	1.138963490330384938e-31	5.225920219432541730e-32	1.956215893514907457e-31	3.464861369770474271e-32
6.322165999999999713e+02	6.323767368509759308e+02	1.250842450212592751e-31	5.508077462266535042e-32	2.017964233027851139e-31	3.904665057688919809e-32
6.327599000000000160e+02	6.329201607028227272e+02	3.175009136411333763e-25	4.891127130228600837e-27	6.483769511992128783e-25	1.896736512573667873e-25
6.364571999999999434e+02	6.366183653636561530e+02	1.952987555997214206e-26	1.038229825267656387e-27	4.232243995666577805e-26	1.089606493731122105e-26
6.370345999999999549e+02	6.371959441290200630e+02	4.399061827920120108e-31	2.044025162634640462e-31	6.625561494131990087e-31	1.339703175371503679e-31
6.375214999999999463e+02	6.376829813652334451e+02	4.678958747579253855e-32	2.297615584368769543e-32	7.197998815879749019e-32	1.370181737877025221e-32
6.378250000000000455e+02	6.379865673160705910e+02	2.750002426643728277e-31	1.433368931081314224e-31	4.295981761196687034e-31	7.923094282450923988e-32
6.384661999999999580e+02	6.386278864612469306e+02	6.541038173757738309e-31	8.313643449164857228e-33	1.323179697154167630e-30	3.950977790619649808e-31
6.404443999999999733e+02	6.406065480738043334e+02	1.209120227587147215e-24	8.845376035099588638e-27	2.947226202351774319e-24	6.956559621213237278e-25
6.414587000000000216e+02	6.416211499150849704e+02	1.302421222137983316e-31	5.644886391793196616e-32	2.431415728435088383e-31	4.721754088251481988e-32
6.421512999999999920e+02	6.423139434050867749e+02	1.211076789002334615e-31	2.662724756735253734e-33	2.533737842865421925e-31	7.327664300661815885e-32
6.437696999999999434e+02	6.439326730129797625e+02	6.509026554606454647e-24	3.507517831620090784e-25	1.214038487370660609e-23	3.163825094334839567e-24
6.482798000000000229e+02	6.484439501118841918e+02	2.998697353838574364e-25	6.750088255038376362e-27	7.381547664104890462e-25	1.707753665237263190e-25
6.489582000000000335e+02	6.491224460130584930e+02	2.759408353775908228e-24	6.044129266780375737e-26	6.048923549258964218e-24	1.564154710959452352e-24
6.532872999999999593e+02	6.534526513776496586e+02	2.809663449436461130e-25	1.413738831792892557e-25	4.261064141817446578e-25	7.279067615955594125e-26
6.586309999999999718e+02	6.587976480385945024e+02	1.048393169575233456e-24	4.934295694981433976e-25	1.621909504868112686e-24	3.133335257952801574e-25
6.598597999999999502e+02	6.600267502374890682e+02	1.722760131880691342e-31	8.100277492450809304e-32	2.924513820637563393e-31	5.468965514193143905e-32
6.604290999999999485e+02	6.605961940064427154e+02	3.466314048865171920e-24	2.971310814662598536e-25	6.715100929067380084e-24	1.543408849531657190e-24
6.635122000000000071e+02	6.636800998948367578e+02	5.177390355643671183e-32	2.268257228818868483e-32	9.987667462409650172e-32	1.706365659209172014e-32
6.643630000000000564e+02	6.645310987034023356e+02	6.175129638755807137e-24	3.163647958639260372e-24	9.646093383704773232e-24	1.950266466273088398e-24
6.661323999999999614e+02	6.663008777192012531e+02	3.940584047472140354e-31	2.027068493838746976e-31	6.505349602943489411e-31	1.148705079161378002e-31
6.730252000000000407e+02	6.731953507251046176e+02	8.120987008494764911e-25	1.297383616620548656e-26	2.632791802705197373e-24	6.081728745156434875e-25
6.767771999999999935e+02	6.769483248194223961e+02	8.390335083889293282e-24	4.068385704297410965e-24	1.280091020657034259e-23	2.467677275135272751e-24
6.772314999999999827e+02	6.774027290350401245e+02	3.266809312024913533e-30	1.501721283256459294e-30	5.207695119315984273e-30	1.080335356766839375e-30
6.786979999999999791e+02	6.788696043762162162e+02	6.417960249535702283e-25	6.602223121169792024e-27	1.385432864154046479e-24	3.484599125507686767e-25
6.842037000000000262e+02	6.843766187720085554e+02	1.936611918431026393e-30	9.182394813124872196e-31	2.957481348111679987e-30	5.739089224532972307e-31
6.850390999999999622e+02	6.852122011444944292e+02	2.476009009016967795e-31	1.258443981652762702e-31	3.815907752302867074e-31	6.917694802441549508e-32
6.914559000000000424e+02	6.916306109529567721e+02	1.275028324534911615e-23	6.231263599165877510e-24	2.066985963612299918e-23	3.619709667168682026e-24
6.941644000000000005e+02	6.943397762945509157e+02	1.640350446348106326e-24	5.688229746100303175e-26	4.274930981158799251e-24	1.020069582488099379e-24
6.973509999999999991e+02	6.975271657071091340e+02	1.489664069000600827e-33	6.898159110157420932e-34	3.845273097216690227e-33	5.215467088506325067e-34
7.001540999999999713e+02	7.003309266937939128e+02	1.173533604876074814e-25	4.535745372968393150e-27	2.477125482885228290e-25	6.677098449016122149e-26
7.002007999999999583e+02	7.003776720595074039e+02	5.184057960581773512e-24	2.800048494628887166e-24	8.360973028155935493e-24	1.397059552709183539e-24
7.002007999999999583e+02	7.003776720595074039e+02	1.935381638617195577e-25	3.597209825663304959e-27	6.102933718533921285e-25	1.277320042938902840e-25
7.030010999999999513e+02	7.031786790166399896e+02	2.521452986118345024e-31	1.215311098979495492e-31	4.116452055730332543e-31	7.852429036495183561e-32
7.034371999999999616e+02	7.036148261841539124e+02	1.310342811549781863e-31	6.687475160072422248e-32	2.034632530562665335e-31	3.825739819844357197e-32
7.062956000000000358e+02	7.064739295760992945e+02	1.648049952050743591e-25	1.285350362150057303e-27	3.219176006869124944e-25	9.953898947585173107e-26
7.110883999999999787e+02	7.112679171338443211e+02	5.498572690990962678e-25	2.737885926338813108e-25	8.145980151625873719e-25	1.509104773578553748e-25
7.122196999999999889e+02	7.123995212571825277e+02	2.508510252720553287e-29	1.178817696911536641e-29	4.172812152082960825e-29	7.803428625349201445e-30
7.130236999999999625e+02	7.132037384160965985e+02	3.385563284794142993e-24	4.946697293052659107e-26	7.138976555308381453e-24	1.915882500307950836e-24
7.193940999999999804e+02	7.195756737208967024e+02	3.128364561071175954e-25	3.390025621431249087e-27	8.925825198566182846e-25	2.091304346759633570e-25
7.197010000000000218e+02	7.198827054114539123e+02	2.151798759720854537e-24	2.923077202907013798e-26	4.382373631849220071e-24	1.200641829343931742e-24
7.218736000000000104e+02	7.220558128002801368e+02	3.352340064169167356e-24	8.787392367367589088e-27	8.661638031296364268e-24	1.835783006569151217e-24
7.220753999999999451e+02	7.222576419742670168e+02	3.337684700866249110e-33	1.714290230356807914e-33	6.273081333742665579e-33	1.025514039182254889e-33
7.243984000000000378e+02	7.245811954657111755e+02	5.156143652684997970e-25	7.337366290186213698e-27	3.285850519439290079e-24	5.737147552095386567e-25
7.261917999999999438e+02	7.263750857458870769e+02	1.990394806820307329e-24	3.949327562548772842e-26	4.063920081877782154e-24	1.203578902236047754e-24
7.286531999999999698e+02	7.288370538273641159e+02	2.841367091350857883e-31	1.445264118803761973e-31	4.308740779365709860e-31	8.346624601385119600e-32
7.291449000000000069e+02	7.293288662955015980e+02	4.862312186345091487e-25	9.190079491569336891e-28	9.626061268572226502e-25	2.693747245122016516e-25
7.327648000000000366e+02	7.329496947238188795e+02	4.226925507692937065e-31	2.149153960668975127e-31	6.328419252280638754e-31	1.039738852158199765e-31
7.381930999999999585e+02	7.383793586296089870e+02	5.842910818075183421e-33	2.929635848770354438e-33	1.080097970846160352e-32	1.945044516529242241e-33
7.385238000000000511e+02	7.387100715782754605e+02	2.321851269808328965e-25	1.080150578031979198e-25	4.211744698279446132e-25	7.024128357679005079e-26
7.393676000000000386e+02	7.395541495097039615e+02	2.419468629334782725e-25	1.097991226233491484e-26	5.640348529483119666e-25	1.473699203393322845e-25
7.395806999999999789e+02	7.397673038215996257e+02	5.542632124833738482e-25	2.012285906008205607e-27	1.612357441274427928e-24	3.551429351888078141e-25
7.395806999999999789e+02	7.397673038215996257e+02	1.354865630514914239e-25	4.764909148059047320e-26	3.425141823036176472e-25	6.185226398786341388e-26
7.401117000000000417e+02	7.402983709068573717e+02	5.326168891402881933e-33	2.647408792442196700e-33	9.665319761390591919e-33	1.853439682973839461e-33
7.414501999999999953e+02	7.416372734772638751e+02	2.552830735831226881e-24	8.534927056879494785e-26	5.434985309298842657e-24	1.577248482973497716e-24
7.422274999999999636e+02	7.424147421452618119e+02	8.597505902817386903e-30	4.294763801724764714e-30	1.298199622135237581e-29	2.371699073758733466e-30
7.464366999999999734e+02	7.466250110548298835e+02	1.264366424977248020e-24	4.979810742862452454e-25	2.951637943005126478e-24	4.480956442366095667e-25
7.464366999999999734e+02	7.466250110548298835e+02	1.296786076899741640e-26	1.538236426210749406e-29	4.183651864201390850e-26	9.380169895442089019e-27
7.481473999999999478e+02	7.483360385667349419e+02	1.154875866816368955e-32	5.262709155234468056e-33	1.883283344430220741e-32	3.472219220464653183e-33
7.488696999999999662e+02	7.490585449867709258e+02	1.181721005928497110e-31	5.922374482098434900e-32	1.824376974910846833e-31	3.643730697649585513e-32
7.507380000000000564e+02	7.509272875885803842e+02	5.957061668976914910e-25	1.255932333871279867e-27	1.741153016880462859e-24	4.367285019502809197e-25
7.714307999999999765e+02	7.716252231927971934e+02	4.963542562885040122e-24	2.299755605014715872e-24	7.704568526628081278e-24	1.497556860163877031e-24
7.727623999999999569e+02	7.729572088556814151e+02	1.211037071957122081e-29	6.231961952202450562e-30	1.845001809770331821e-29	3.156414565825505604e-30
7.788930000000000291e+02	7.790892796864892489e+02	2.949593637936591658e-24	1.488303299119330126e-24	4.334410996582589433e-24	8.055416929768388175e-25
7.908259000000000469e+02	7.910250966287696883e+02	6.866898142902081063e-25	1.874716479555571704e-26	2.029502548003582610e-24	5.232724397596657517e-25
7.929687999999999874e+02	7.931685255512538788e+02	1.671389180536812760e-28	4.783543934885447790e-31	1.031320584818205026e-27	2.224331562102865573e-28
7.989945000000000164e+02	7.991956932592344174e+02	8.017321389527034214e-27	3.336168685134640212e-29	2.209911565610316955e-26	5.042420038407370141e-27
8.111975999999999658e+02	8.114018460802042227e+02	2.638946246958533392e-26	3.040781192630010566e-28	7.350404273790169789e-26	1.841212179319969746e-26
8.194530999999999494e+02	8.196593859945479608e+02	7.087428770131540701e-25	2.546316298350237832e-26	1.571792568035078969e-24	4.173825197434795845e-25
8.201740999999999531e+02	8.203805194171411586e+02	1.518977057884723895e-23	9.938243691929747617e-24	2.111606564758307208e-23	2.556263071452736960e-24
8.201740999999999531e+02	8.203805194171411586e+02	2.960057856390743988e-26	2.670991419833416732e-28	8.421599314759978404e-26	2.041201150651324465e-26
8.466322000000000116e+02	8.468451982604200339e+02	1.697893442476939243e-26	3.902429173644884258e-28	4.899111730405571335e-26	1.217185717933961011e-26
8.832353000000000520e+02	8.834573704545914552e+02	1.249067817394974277e-23	2.695689568509504518e-25	2.307973632761268061e-23	5.618073364480253138e-24
8.843374000000000024e+02	8.845597387383946852e+02	6.140782277493525494e-24	2.739872941005954518e-24	1.132559638556720470e-23	2.155525742829185966e-24
8.843374000000000024e+02	8.845597387383946852e+02	7.224449738227677130e-27	2.895133360805774978e-29	2.082321701237170143e-26	5.239805660979469026e-27
9.887106999999999744e+02	9.889588376705708015e+02	3.877081914568446907e-25	2.296110569805575633e-27	1.195687345125637244e-24	3.081032292525622892e-25
1.165049400000000105e+03	1.165341325989949610e+03	6.004640445974259628e-29	1.652849232980103675e-30	3.434192364397184036e-28	5.469914200689007260e-29
3.119978999999999814e+03	3.119906488248783262e+03	1.069640771004971653e-22	6.745302479281175267e-23	1.354816136841011234e-22	1.815396008309614520e-23
3.952380000000000109e+03	3.952288558851765174e+03	6.711629392316288409e-24	2.945095077775837977e-24	1.181385129334625569e-23	2.109200380500067898e-24
4.519458999999999833e+03	4.519354711947998112e+03	6.350863782734858986e-25	2.623111555491467249e-25	1.376058753446550925e-24	2.373187673235803518e-25
4.788131999999999607e+03	4.788021376526080530e+03	3.639881941100061659e-25	1.619888790232314779e-25	8.276949677951326918e-25	1.288305495881357186e-25
5.893270000000000437e+03	5.893136270625327597e+03	7.986033441003660865e-24	3.420947842502058424e-24	1.490148081821094471e-23	2.536722072290594240e-24
7.506579999999999927e+03	7.506409331591746195e+03	5.074305139648691115e-23	4.601884953541024050e-23	5.415240701178254266e-23	1.715430373528008318e-24
8.281620000000000800e+03	8.281429607302554359e+03	1.246529630918085813e-27	5.404611497946191326e-29	3.699148869370304798e-27	8.303768129102084209e-28
1.130728000000000065e+04	1.130701784154270354e+04	1.235501630302014319e-23	1.051461343916083814e-23	1.417282458297835423e-23	7.567885012635015532e-25
1.200089999999999964e+04	1.200061958331753704e+04	1.185913742254350525e-23	9.618702303475714284e-24	1.473222786443037047e-23	1.153679490122463643e-24
1.481418000000000029e+04	1.481383508087887640e+04	9.490638844016861707e-24	7.811623087166423537e-24	1.156658191488173773e-23	1.004193719036445946e-24
3.529759999999999854e+04	3.529682949757532333e+04	4.097282629997644755e-28	1.202340323641876149e-28	1.772995437986171622e-27	3.530572356365008884e-28
8.054319999999999709e+04	8.054131688757380471e+04	1.810089002327076514e-29	8.101523176392555457e-30	5.523385368792793061e-29	7.152512880992957218e-30
