1.963870000000000005e+02	1.963824200434621616e+02	1.681311394166889557e-25	1.138878528400116028e-25	2.216872775086594460e-25	3.092276698621367246e-26
1.968918999999999926e+02	1.968872910268248404e+02	3.586096466673998871e-25	2.843160391485626767e-25	4.612496146205009927e-25	5.906177891497881511e-26
1.976889999999999930e+02	1.976843720479718911e+02	8.730668236516733898e-24	6.923408437744603467e-24	1.082851282160207808e-23	1.128415893645444114e-24
1.977165999999999997e+02	1.977120523910047609e+02	2.970834897945480059e-36	5.546809008261392134e-37	7.920383853079945477e-36	2.122095425301782977e-36
1.981621000000000095e+02	1.981575298269283110e+02	5.026808184638182388e-26	3.947777201753300821e-26	6.858054491613274240e-26	9.685976642813664448e-27
1.990253999999999905e+02	1.990207767939140808e+02	1.251808090200666888e-24	1.082736437843866059e-24	1.537548092017350739e-24	1.489400273221081436e-25
1.994300000000000068e+02	1.994258055156589933e+02	4.406791780282489018e-25	3.708218578290676945e-25	5.574371788245123494e-25	5.348327129052982540e-26
2.000497000000000014e+02	2.001098965143827684e+02	4.541448774323462757e-26	3.014468081192480224e-26	5.923915014310603667e-26	8.703022820722306102e-27
2.001829999999999927e+02	2.002436156362606141e+02	5.620736314097088667e-25	4.452568807440888846e-25	6.743683780728679740e-25	6.587516223263808991e-26
2.006992999999999938e+02	2.007595649305022789e+02	1.293947660850603200e-25	1.087777140746034191e-25	1.530460794780381118e-25	1.276781885752085744e-26
2.007684999999999889e+02	2.008288132242448967e+02	1.345161925445504645e-25	9.304365033204701745e-26	1.768614837686138328e-25	2.805648581738296561e-26
2.014241000000000099e+02	2.014844972384013317e+02	3.536721427451191418e-25	2.909694666810087918e-25	5.109486426143714487e-25	7.662094947556324826e-26
2.025389000000000124e+02	2.025994780067717329e+02	1.734736627043410611e-25	1.234781329451203856e-25	2.658149549356811847e-25	5.207177967129125048e-26
2.026588000000000136e+02	2.027193460124502451e+02	6.528108919790600175e-25	5.696566860756249211e-25	7.953934236691831397e-25	6.851516129102614421e-26
2.029269999999999925e+02	2.029874658183634608e+02	1.746978838317735859e-25	1.544007745569633516e-25	2.152101675506983797e-25	1.642667849730884389e-26
2.030186999999999955e+02	2.030793282957104111e+02	5.924023491296145933e-38	2.989374945370995691e-39	1.042751625733079122e-37	2.953841028625088960e-38
2.033546000000000049e+02	2.034152850969034034e+02	2.410596056690113497e-26	1.393711446505532530e-26	3.532124921329009015e-26	6.660650932970593572e-27
2.041143999999999892e+02	2.041752328153992835e+02	2.394919681981451255e-26	1.606991686733771300e-26	4.150809691974955514e-26	7.614325655582925808e-27
2.047342999999999904e+02	2.047951956721222757e+02	1.219490823195335466e-24	7.760506636542595826e-25	1.560257894843654613e-24	2.563296981687308192e-25
2.050831000000000017e+02	2.051440504807731031e+02	6.161019624485944033e-26	2.822467524232768888e-27	1.290716792402375889e-25	3.948100125504060114e-26
2.052074000000000069e+02	2.052683566366334276e+02	1.047725433802529269e-24	7.700440712191443752e-25	1.292835380227757626e-24	1.718508564975098697e-25
2.052434000000000083e+02	2.053044272402540003e+02	2.547642201863878885e-26	2.018331076949654264e-26	3.253209173513930533e-26	3.575680098828351153e-27
2.053909999999999911e+02	2.054519685581880424e+02	2.979110441337081451e-26	1.440894755832882778e-26	4.747255160331084312e-26	9.011121164915224309e-27
2.055489000000000033e+02	2.056099609315693328e+02	2.701089761711685297e-25	2.497764854929098493e-25	3.278857076112957455e-25	2.919438038273171154e-26
2.059901000000000124e+02	2.060511979612201117e+02	1.827675864392534736e-24	1.316265426400078768e-24	2.634487190272319063e-24	4.603275834014802545e-25
2.060194999999999936e+02	2.060806383539089950e+02	3.151110374169256042e-26	3.153908387493687879e-28	5.093547636084652105e-26	1.944004481192340496e-26
2.062347000000000037e+02	2.062958938968109237e+02	3.407307130349587522e-26	9.056685569601156655e-27	5.660906512113410319e-26	1.611626949753527884e-26
2.063394999999999868e+02	2.064007060556023987e+02	1.335765346333861538e-25	7.849788921470465829e-26	1.751453152312235396e-25	3.171178483703251543e-26
2.064372999999999934e+02	2.064985373227308116e+02	7.395430573673943975e-25	3.919635552342748569e-25	1.245004451692056534e-24	2.568004341602837777e-25
2.069505000000000052e+02	2.070117301114479176e+02	5.194763214647487962e-25	3.215286633565789868e-25	8.142141496277237949e-25	1.571685846182296427e-25
2.080619000000000085e+02	2.081233612545739504e+02	2.788217123384423640e-35	3.688483131872903742e-37	5.617287076602659410e-35	1.928361663313503099e-35
2.082845000000000084e+02	2.083459721875555886e+02	2.249599275245556748e-25	1.850831633693887842e-25	2.658173409104200271e-25	2.645697627089494053e-26
2.085352000000000032e+02	2.085967221229853124e+02	1.792265464882157418e-25	1.299882869689436762e-25	2.573948312205729488e-25	4.435786252997742016e-26
2.085554999999999950e+02	2.086170493065426399e+02	9.549554037819942094e-25	7.902038817008337720e-25	1.699002416638909670e-24	3.055474949458196711e-25
2.088960999999999899e+02	2.089576686840587172e+02	3.604508068208750503e-25	2.072622236758970947e-25	4.972506616880254814e-25	1.074176710076132932e-25
2.089070000000000107e+02	2.089685853341233326e+02	4.537940089712197800e-25	2.579330534384205685e-25	6.273977253791126780e-25	1.508594114198792467e-25
2.095123000000000104e+02	2.095740524714454125e+02	1.575481299041675651e-25	4.538024614740090943e-27	3.199324956071161603e-25	1.053951136230053079e-25
2.105834999999999866e+02	2.106453812330667574e+02	1.392314481275448297e-25	1.073214057391902935e-25	2.108625720238569093e-25	2.862465657531774570e-26
2.109773999999999887e+02	2.110393859019001468e+02	1.575888558392398135e-25	1.215083157054532066e-25	1.857058726765834035e-25	2.199289106152675710e-26
2.111715000000000089e+02	2.112334721727901581e+02	2.511228698614485068e-25	2.192359908905672610e-25	3.360306286134680843e-25	3.929083235776167336e-26
2.114410000000000025e+02	2.115030252573160112e+02	7.008082162128786268e-26	5.512435458669450324e-26	9.187713594920663770e-26	1.113257424274833197e-26
2.121390000000000100e+02	2.122011908457295419e+02	5.019423065944655017e-24	3.548623624911056988e-24	5.795884321695891078e-24	7.305484553723967525e-25
2.124806000000000097e+02	2.125428090969704442e+02	2.973275186839980820e-25	2.468988082671728048e-25	4.159224356834697281e-25	6.001751265447421803e-26
2.125626000000000033e+02	2.126248478221583582e+02	7.569834507187042936e-26	5.546434095289556454e-26	8.793947624845655146e-26	1.079452224521841885e-26
2.128410000000000082e+02	2.129033191462044385e+02	2.571423575314362782e-25	1.951732457795410644e-25	3.566477118960584721e-25	5.274739273526970777e-26
2.129953999999999894e+02	2.130577214612814316e+02	5.218470488488161349e-25	4.153624843553305613e-25	6.435885813718050064e-25	7.013538787808456284e-26
2.147784000000000049e+02	2.148410128022770209e+02	1.624626051001632805e-23	1.216502671642603716e-23	2.102794507860943805e-23	2.861163479058947186e-24
2.151921000000000106e+02	2.152547813728270967e+02	1.213201164145107479e-25	8.915546626753056427e-26	1.707603363122448105e-25	2.738899228721483762e-26
2.152222999999999900e+02	2.152850474699585845e+02	5.654311087127983692e-25	4.525605287837230544e-25	7.038932448317813335e-25	7.240817171803254915e-26
2.157828000000000088e+02	2.158456312427772446e+02	1.267444552911415959e-23	9.166542500380705694e-24	1.797051798077386938e-23	2.926202618350109294e-24
2.158306000000000040e+02	2.158934156317360475e+02	3.625994442693198064e-23	2.671175652640817711e-23	4.547923176835560787e-23	5.192253634900488542e-24
2.161038000000000068e+02	2.161667061103072456e+02	1.592009910331199845e-24	1.141693117165007296e-24	2.087114944435213020e-24	3.431569498310081958e-25
2.166153999999999940e+02	2.166783599306532153e+02	9.612992877657656269e-26	7.910892429301638901e-26	1.146187787524142713e-25	1.153914470620850931e-26
2.173540999999999883e+02	2.174172300235754562e+02	1.947916207494956527e-26	8.886463805088960178e-28	4.067221779644578046e-26	1.178791173796866971e-26
2.174484999999999957e+02	2.175115725539840525e+02	2.789730069340689554e-24	6.674264135930415814e-25	5.636971822066801815e-24	1.466588678952312946e-24
2.182381000000000029e+02	2.183013625575755441e+02	1.576442466411525340e-24	1.216568447831903146e-24	1.759526146513874360e-24	1.568432836750820544e-25
2.183905000000000030e+02	2.184538366267487390e+02	5.370189312915457117e-25	3.889453414383643447e-25	7.926011387799228483e-25	1.226400628618935983e-25
2.190228999999999928e+02	2.190863292617514730e+02	1.553543493924936274e-23	1.205791327699432087e-23	1.804514183031323407e-23	1.850635377347048448e-24
2.191192000000000064e+02	2.191826642662668974e+02	2.911906498745094822e-25	5.887066785584726653e-26	4.570934617854521358e-25	1.308899791200916010e-25
2.197353999999999985e+02	2.197989812786844084e+02	2.367866988609765673e-23	2.067786283373749604e-23	2.693008265652388539e-23	2.230613088621705083e-24
2.200682999999999936e+02	2.201319343069390015e+02	9.861024144651180150e-25	7.919611098257887389e-25	1.107478080918250809e-24	9.529026332486076724e-26
2.201560000000000059e+02	2.202196319078021816e+02	1.609481239040632349e-24	1.224244931633030732e-24	2.485517868795594577e-24	3.550528227230129749e-25
2.212154999999999916e+02	2.212793304430319949e+02	2.973750894184352315e-24	1.906043772629337783e-24	4.045447974367983731e-24	6.464906954555097957e-25
2.221946000000000083e+02	2.222585661116553695e+02	6.604691670209483178e-24	4.728090778502528525e-24	1.040430656926678620e-23	1.536065910949044029e-24
2.230962000000000103e+02	2.231604016795214989e+02	2.643648129519929718e-24	1.080240279358216248e-25	4.546629947154058822e-24	1.600992061539898694e-24
2.244527999999999963e+02	2.245171866233374658e+02	3.504403205164940275e-24	2.741176741868912047e-24	5.240135571830558355e-24	7.404567196578211243e-25
2.251490000000000009e+02	2.252135491883439329e+02	9.981804764325338623e-26	5.902700918794287580e-26	1.449538265147499099e-25	2.725766526004897695e-26
2.253572000000000060e+02	2.254218197780803052e+02	3.690750147356977404e-25	2.353289077737221891e-25	4.797240573848476362e-25	9.174164549808688594e-26
2.254799999999999898e+02	2.255446076856238449e+02	2.996792619085185173e-25	1.875915079915925778e-25	4.393605970523629098e-25	7.405287973236462016e-26
2.258151000000000010e+02	2.258797787738786838e+02	1.565179798849369140e-24	9.849972259108187765e-25	2.688470360280389500e-24	4.570400863468897919e-25
2.259567000000000121e+02	2.260214304656098534e+02	4.340769447035318031e-25	3.553533735149175004e-25	6.046403849512830227e-25	6.497473859689652888e-26
2.261431000000000040e+02	2.262078877579898517e+02	1.217507386234974540e-23	9.611536945061769479e-24	1.410202442111357395e-23	1.607858121814743257e-24
2.266353000000000009e+02	2.267001078417131907e+02	3.520785048955592135e-25	2.113082750457496268e-25	6.017555149400115607e-25	1.130573566519239793e-25
2.267560000000000002e+02	2.268208300929847780e+02	7.302761466139939908e-25	4.289828313601694554e-25	1.167588933942530918e-24	2.056918725341360075e-25
2.271956999999999880e+02	2.272606844271049056e+02	6.658611106589222783e-24	5.048566812056375079e-24	8.456348047888393436e-24	1.189987637093633737e-24
2.274665999999999997e+02	2.275315785496592866e+02	1.284414673510757605e-25	7.026526804486812068e-26	1.779942596203276582e-25	3.727684887156563051e-26
2.287324999999999875e+02	2.287977172599773894e+02	1.628924223766290547e-24	8.295842135131153155e-25	2.872520847987051771e-24	5.545739543501506763e-25
2.288397999999999968e+02	2.289050633579394685e+02	1.549482286422124763e-25	7.313916434137727180e-26	2.452016412748430402e-25	5.552610819003256243e-26
2.289984000000000037e+02	2.290636636459933868e+02	9.291841252249213509e-23	7.444999695169608114e-23	1.115611415225927451e-22	1.116693222124930975e-23
2.293119000000000085e+02	2.293772993929317181e+02	3.445290350250990816e-24	2.604922203074025731e-24	5.500981525722695769e-24	8.387150020307903856e-25
2.300777999999999963e+02	2.301432737403543456e+02	3.302947465018881515e-23	2.436399720340652284e-23	4.190380125749217829e-23	4.776012503594659188e-24
2.302944999999999993e+02	2.303600657520588584e+02	9.582783205973401759e-25	5.950701411750311278e-25	1.432753432672265091e-24	2.931058147865357191e-25
2.307358000000000118e+02	2.308014347967626634e+02	2.098067397197812287e-23	1.929858379667874089e-23	2.560727490380068533e-23	1.975169708540835006e-24
2.312343999999999937e+02	2.313001100068132700e+02	1.041223224294610916e-23	7.332073905535831156e-24	1.341969167687820111e-23	1.724606193019086530e-24
2.313983000000000061e+02	2.314640407607109580e+02	4.472666716061686802e-23	8.207435199036288700e-24	9.333540462353766483e-23	2.881048803796147172e-23
2.317164999999999964e+02	2.317822902129997829e+02	3.409541753336151591e-23	3.014725192015879582e-23	3.750658979608543342e-23	2.584811588116776194e-24
2.320033999999999992e+02	2.320693017882557569e+02	4.757835464018509611e-22	3.592805879597243878e-22	5.941670467695199489e-22	6.313611565188872192e-23
2.321382999999999868e+02	2.322042337620422927e+02	1.355381294561406198e-23	2.987412989994879271e-24	2.639248892690128939e-23	7.185933719267295920e-24
2.324654999999999916e+02	2.325314659758257108e+02	5.450152838054586760e-25	3.926483790703243460e-25	6.701097037837329272e-25	9.514839987171626215e-26
2.325800999999999874e+02	2.326461337925545365e+02	5.220782572525395922e-23	3.972757698719811503e-23	6.359470080884482258e-23	7.398263766998564757e-24
2.329970999999999890e+02	2.330631427389042187e+02	1.115548905227174497e-23	9.315309902186998171e-24	1.417464252373876610e-23	1.180390110574372690e-24
2.345543000000000120e+02	2.346207195639451015e+02	1.396783217649944428e-22	1.120135976885085413e-22	1.600786749624313093e-22	1.355829325979171439e-23
2.346630999999999858e+02	2.347294900780499631e+02	1.637921407267248076e-25	1.023400465323584383e-25	2.443889896193317252e-25	4.229783818928587806e-26
2.347513999999999896e+02	2.348178583873337857e+02	1.388007892011701966e-23	6.862454116520087469e-24	2.006285136067194706e-23	4.963664949452446878e-24
2.348736000000000104e+02	2.349400365286322483e+02	2.452814860051026936e-24	8.550817855458300123e-26	5.023486061611933382e-24	1.362778596305425796e-24
2.419312999999999931e+02	2.419991773485502335e+02	5.221077489991439326e-25	1.843421592162316746e-25	1.045080024163605706e-24	3.187646096070074701e-25
2.476876000000000033e+02	2.477566608706927127e+02	3.100730313626478633e-24	2.649169260316624097e-24	3.869799391926829656e-24	3.408769041467065606e-25
2.540021999999999878e+02	2.540726058973901331e+02	2.680492681208464205e-25	1.467550802554500806e-25	3.783592467494765741e-25	8.582040096357566595e-26
2.553378999999999905e+02	2.554085620453516583e+02	5.795765192672471335e-25	4.154006665998377202e-25	1.101637928891120554e-24	1.894373552835941236e-25
2.561424000000000092e+02	2.562132389424601229e+02	4.266936145366682607e-25	3.021501285780732037e-25	5.691273000042993084e-25	7.585050335962748861e-26
2.635240000000000009e+02	2.635964215959374428e+02	2.523608097311657963e-36	9.383042689618328884e-37	5.848899444125068612e-36	1.575324966045470112e-36
2.696487999999999943e+02	2.697225577792306694e+02	1.280577155776517095e-24	1.033247727095044137e-24	2.662925095646671283e-24	5.367998034624105053e-25
2.746741999999999848e+02	2.747490708268574622e+02	5.139428434578203868e-24	3.652599010931206553e-24	7.452375797999730857e-24	1.202408392635711616e-24
2.788779999999999859e+02	2.789537485867341502e+02	7.356976434887117671e-37	7.817842175380241279e-39	1.341703682087427153e-36	4.326048138381458883e-37
2.798473000000000184e+02	2.799232589625481182e+02	1.339894032167237925e-36	5.121187864956370866e-37	2.397245557056693057e-36	5.799304558958596327e-37
2.798650999999999840e+02	2.799410788986187413e+02	1.720931149199739935e-23	1.239500063928246478e-23	2.516654390901166980e-23	3.696321584794772407e-24
2.805079000000000065e+02	2.805840245113385549e+02	3.400116636896599599e-24	2.638202848779594553e-24	4.046935615249517022e-24	4.296356213970040097e-25
2.821290999999999940e+02	2.822056144361276893e+02	1.882367923192698376e-23	1.198414261048741685e-23	2.516466590435067167e-23	4.156970840646675359e-24
2.834547000000000025e+02	2.835315443612416857e+02	1.933502269007002823e-24	1.103596083394667390e-24	3.664393879656496749e-24	7.171274562971897757e-25
2.865498000000000047e+02	2.866272965630122371e+02	5.216234312241043920e-24	3.433544770409365864e-24	7.687728266507050920e-24	1.385854927801852410e-24
2.907456999999999994e+02	2.908241679905218575e+02	5.712176725153662514e-24	4.167392324770811414e-24	8.918571941987781581e-24	1.692488531161261638e-24
2.914006999999999721e+02	2.914793051838226461e+02	2.157219568642644636e-24	1.383668329785484651e-24	2.505384670213929823e-24	3.545388337551902446e-25
2.943912000000000262e+02	2.944704581660298004e+02	1.356772257741980793e-22	1.100348880801692534e-22	1.846567599026658210e-22	2.111326069114411042e-23
2.981646000000000072e+02	2.982446873653848343e+02	1.029746415290544320e-22	7.551822769300764596e-23	1.365390988265884460e-22	1.836040012484182716e-23
2.984130999999999858e+02	2.984932214741054963e+02	1.312860318241274823e-22	1.128901119933570984e-22	1.441837440711151405e-22	1.231907434103231816e-23
2.991118000000000166e+02	2.991920633998660151e+02	4.348157435671437562e-25	2.781458883720788457e-25	6.372781775175153784e-25	9.438239854302993033e-26
2.992592000000000212e+02	2.993395632172536125e+02	4.185318451668080432e-23	3.276941153341818628e-23	4.822794990573132408e-23	4.439033847832647428e-24
2.994452999999999747e+02	2.995257014675747200e+02	1.308538144591472400e-22	1.069873267081124025e-22	1.591290664967192864e-22	1.870053777450452862e-23
3.002484999999999786e+02	3.003291016726341809e+02	1.581618110608807250e-21	1.293737082758716256e-21	1.870408473988117591e-21	1.853884564466686228e-22
3.003620999999999981e+02	3.004426789198818710e+02	8.341486797911378709e-22	4.356215706156760298e-22	1.215393003846829708e-21	2.212233723082085524e-22
3.012001000000000204e+02	3.012808372092681566e+02	3.584049315190720199e-22	3.451993206843561562e-22	5.784210352704904272e-22	7.761615223943927796e-23
3.019143000000000256e+02	3.019952710313500006e+02	9.305998597464857026e-23	8.067002107207281716e-23	1.177893348225347621e-22	1.140371953115188184e-23
3.031866999999999734e+02	3.032679541461143344e+02	7.165257416812461108e-23	6.396528286474959647e-23	8.229715173394558898e-23	5.917378848087613555e-24
3.037932999999999879e+02	3.038746182087223247e+02	4.046194507906143826e-22	3.788183890791568048e-22	4.816595246323709453e-22	3.009247953494458815e-23
3.045006999999999948e+02	3.045821882547518840e+02	3.338947039758095028e-23	2.976402770955970741e-23	4.349517140492501359e-23	4.562821727398344583e-24
3.050815999999999804e+02	3.051632244772756621e+02	2.513208111089339163e-21	2.154808342319776924e-21	2.886238771588836703e-21	2.608004930400789169e-22
3.054313000000000216e+02	3.055129899132117544e+02	3.037590177373308053e-22	2.627850920514293036e-22	3.222539298441018392e-22	1.890643878576825023e-23
3.057638999999999783e+02	3.058456994960459951e+02	3.586266798211389436e-22	2.052880158934939405e-22	5.203786251755423509e-22	9.449628159321063269e-23
3.064619000000000142e+02	3.065438350003855135e+02	2.130635496969324761e-22	1.747812448250264633e-22	2.583150219041315607e-22	2.223503654978901729e-23
3.080751999999999953e+02	3.081575881946833988e+02	1.025421426606667849e-22	9.193328253341750904e-23	1.258443417962328416e-22	8.556155125546049147e-24
3.097117000000000075e+02	3.097943915385814080e+02	2.471378463000408654e-23	2.101062927320856633e-23	2.969067260111897657e-23	2.466284593676280248e-24
3.099110000000000014e+02	3.099937634260817276e+02	3.051880796555495881e-23	2.566310735082218850e-23	3.422921943278175999e-23	2.366381384219541776e-24
3.101557000000000244e+02	3.102385076093212888e+02	8.917189541416391014e-22	7.930863814617449511e-22	1.071988062294653262e-21	9.592903312415480158e-23
3.101877999999999815e+02	3.102705911058745869e+02	1.712101667341668716e-22	1.271321850963521771e-22	2.036297274716894606e-22	2.174729227302711322e-23
3.105459999999999923e+02	3.106289366198404309e+02	2.507040861948882008e-23	1.786698479355741719e-23	3.666885774280472851e-23	5.746394482017569624e-24
3.107714000000000283e+02	3.108543813301315595e+02	2.483106911709425640e-24	2.105419315775759286e-24	2.661017502516309147e-24	1.555448433532400670e-25
3.114123999999999910e+02	3.114955447258341223e+02	2.161062907154359409e-23	1.621057735386816312e-23	3.171346944069630156e-23	4.396066969127633520e-24
3.129304999999999950e+02	3.130139857517297628e+02	6.149901057920929906e-24	4.226704286886245667e-24	8.541915840705679267e-24	1.429472801419639468e-24
3.134103999999999814e+02	3.134939506902900348e+02	5.402472490131997513e-22	4.373630924666560055e-22	6.422002212194664564e-22	6.389419428792888694e-23
3.145111999999999739e+02	3.145950203365410403e+02	1.835666767374636081e-25	1.108561330825376937e-25	2.706633477261853063e-25	4.169478019238853422e-26
3.145704999999999814e+02	3.146543357323320151e+02	1.116450358977997326e-23	9.988942261059813080e-24	1.249795932506659203e-23	8.641868383503076558e-25
3.159520999999999731e+02	3.160361961106480067e+02	1.213371601735694398e-24	1.020069571074872997e-24	1.447004414790650223e-24	1.197567292126952754e-25
3.165507000000000062e+02	3.166349875776651857e+02	3.734529965296781257e-25	2.247686068133137304e-25	5.592953691978888264e-25	1.158038817521144644e-25
3.184366999999999734e+02	3.185213729866781023e+02	5.171525119712977876e-24	4.139820265180955001e-24	6.205427052874455430e-24	7.098937355484281221e-25
3.195570999999999913e+02	3.196420322905575517e+02	1.077390569177342221e-23	9.509612994641593096e-24	1.305860527661187451e-23	1.141225786035891265e-24
3.197114000000000260e+02	3.197963783951237247e+02	1.052484507218400601e-23	9.513130654660294892e-24	1.467880201673595577e-23	1.504122733673093923e-24
3.200421999999999798e+02	3.201273150482592769e+02	1.963883699647342182e-24	1.481790692167464958e-24	2.927406444728058747e-24	4.043146747956549055e-25
3.221650999999999954e+02	3.222507117333103110e+02	1.620810354566435871e-23	1.125825347450598966e-23	2.683924292377276718e-23	4.232598345242753877e-24
3.225018999999999778e+02	3.225875515098958886e+02	3.162134351683521117e-23	2.653027970063933603e-23	4.828371964456276709e-23	6.121094268317131514e-24
3.226983000000000175e+02	3.227840316204816986e+02	4.753482433618184292e-24	1.897484445236528847e-24	6.299221742546889448e-24	1.184340931481716518e-24
3.232934000000000196e+02	3.233791773007712322e+02	7.845549162667980771e-22	6.410270864085064579e-22	8.657880236903788184e-22	8.291881347800463843e-23
3.234648000000000252e+02	3.235506481681977675e+02	1.699863764710898585e-23	1.143072274048545102e-23	2.380205591752289390e-23	4.274239365144370474e-24
3.235754000000000019e+02	3.236612568501445253e+02	8.683052139168964253e-25	7.812058862969548176e-25	1.046218703286531434e-24	8.364245195243711422e-26
3.243054999999999950e+02	3.243915103350638560e+02	4.830341797209137329e-23	3.246318765802032139e-23	7.324322639587246676e-23	1.225503308138064129e-23
3.248457999999999970e+02	3.249319456774824744e+02	9.649427464382779969e-24	5.596491438847435819e-24	1.108554863501320069e-23	1.860532598390201603e-24
3.249434999999999718e+02	3.250296606452633910e+02	1.464037217864581842e-24	1.094571059254649374e-24	1.940968662928948401e-24	2.389623259533127415e-25
3.250742999999999938e+02	3.251605356653146828e+02	2.457428282597445186e-23	1.976605104142937964e-23	3.005338602759659562e-23	3.870505712696984616e-24
3.271114000000000033e+02	3.271980728899214910e+02	5.901578393029180544e-24	4.227252795882529086e-24	8.845797101966304092e-24	1.271962985026445436e-24
3.282694999999999936e+02	3.283565028411240974e+02	5.024953227157119408e-24	3.743415059018170185e-24	6.323428162379852162e-24	9.192717082558899055e-25
3.286945000000000050e+02	3.287815524027497531e+02	6.675656921476434286e-24	5.250600087653301062e-24	7.977924630513289217e-24	8.908183089796453934e-25
3.310201000000000136e+02	3.311077064624611808e+02	8.408350869890149243e-25	6.891082605696635000e-25	1.077927745011709639e-24	1.274015332724658059e-25
3.315663000000000125e+02	3.316540288344899068e+02	5.216710031667065813e-23	4.036201467912437819e-23	7.999234770235657236e-23	1.009117201370601599e-23
3.320258999999999787e+02	3.321137153426105328e+02	3.312758181565970334e-23	2.598322054431498162e-23	5.239405314210305334e-23	6.250638977662524229e-24
3.322309999999999945e+02	3.323188494060771632e+02	1.036291837546993156e-22	8.990721205830931090e-23	1.195434099332630000e-22	8.841127819009370386e-24
3.337008999999999901e+02	3.337891646258798346e+02	7.795156419851283107e-26	4.450386469471951695e-26	1.127596669591328353e-25	2.297152760156926519e-26
3.351053999999999746e+02	3.351939918440245378e+02	1.180779859065990374e-25	7.815026332117157037e-26	1.705548429651671914e-25	3.113453660303162746e-26
3.361553999999999860e+02	3.362442317078592282e+02	6.666378797805386580e-23	5.198609398595149795e-23	8.164741728182141822e-23	8.203812997118709242e-24
3.362803999999999860e+02	3.363692125431281283e+02	1.401791823667282297e-24	1.044865321567852781e-24	1.831037542327894165e-24	2.754964052299588917e-25
3.365765000000000100e+02	3.366653634321359618e+02	7.043337074779956058e-23	6.363239921525367565e-23	8.480133904494797453e-23	7.555409428248535366e-24
3.366166000000000054e+02	3.367055041046223209e+02	3.878072113289984668e-23	2.044777840184585815e-23	6.030372722542800854e-23	1.244772286766725293e-23
3.367885999999999740e+02	3.368775337840608017e+02	1.921434005624994006e-24	1.198364696001387626e-24	2.716860099348878057e-24	5.894199098671617144e-25
3.369562999999999988e+02	3.370452633564387952e+02	1.088431649768972080e-21	8.704698064590978480e-22	1.336445342021326889e-21	1.776081608327208271e-22
3.371986999999999739e+02	3.372877851875823012e+02	5.142435265659527500e-23	4.083312177571079770e-23	5.595020366725521535e-23	3.892359206530559515e-24
3.374216999999999871e+02	3.375108337011359936e+02	6.282184286434494981e-23	4.924832348432315368e-23	7.513160320249398051e-23	8.198285290789366797e-24
3.380568999999999846e+02	3.381461875961041414e+02	4.462005608851830925e-22	3.579073731272356491e-22	6.566477242208782274e-22	8.647196024474198525e-23
3.380878999999999905e+02	3.381771895015256746e+02	3.090051239094555255e-23	2.621984679797486355e-23	3.757969254019090632e-23	3.371959302466588090e-24
3.391043000000000234e+02	3.391937862332429745e+02	6.006858358819056679e-22	4.566286346077761751e-22	7.512846252782899352e-22	9.756710591913607239e-23
3.392982999999999834e+02	3.393878570798706278e+02	1.441225132795613078e-21	1.262401106030810451e-21	1.683339580015907688e-21	1.389128346061236789e-22
3.409574000000000069e+02	3.410473534354457570e+02	1.088180877984285040e-23	9.645389337087288162e-24	1.400471401785085505e-23	1.176798628291458775e-24
3.413475999999999999e+02	3.414375976170717877e+02	5.197276801447365299e-23	3.876592612597082259e-23	7.258183132002642708e-23	1.080222266449161711e-23
3.413935000000000173e+02	3.414835605598447614e+02	2.019630200609637428e-23	1.513483500641728906e-23	2.866397019278662043e-23	4.875894746538644421e-24
3.414764000000000124e+02	3.415664463857226565e+02	4.970943554454002830e-21	3.801095322949849508e-21	5.261466744268496420e-21	5.396758136583831599e-22
3.420736999999999739e+02	3.421638732893535462e+02	6.496530884178034602e-25	5.210362497782334994e-25	8.528953857947643661e-25	1.210246277304508660e-25
3.423706999999999994e+02	3.424609844272733312e+02	3.579448537431752088e-22	2.910980794694679594e-22	4.547361766033695799e-22	5.126382906276317601e-23
3.433555999999999813e+02	3.434461075341143896e+02	4.964829884769989152e-22	4.464395146048252156e-22	5.919928466465513450e-22	4.289153669545581478e-23
3.437277000000000271e+02	3.438183021477378816e+02	3.221393913368991325e-22	2.435221709217735311e-22	4.171737217594057568e-22	6.173734539054443978e-23
3.446259000000000015e+02	3.447166444811288670e+02	4.348448626047878378e-22	3.613257742786180481e-22	5.372582380485730600e-22	5.262819746432616109e-23
3.452889000000000124e+02	3.453797899997519494e+02	4.010848754565905865e-22	3.341650228776624449e-22	4.866886062889078617e-22	4.324695918514529742e-23
3.458460000000000036e+02	3.459370082131356980e+02	8.234484241311445493e-22	7.038547267330316066e-22	1.023137413057012807e-21	1.033386968127904557e-22
3.461652000000000271e+02	3.462563328135993856e+02	1.962845821001744068e-21	1.580913125179607502e-21	2.143175269350327453e-21	1.697589805986917854e-22
3.467500999999999749e+02	3.468413219958886771e+02	1.084599474558278687e-23	8.590788329155797618e-24	1.361275718756446613e-23	1.775538176009217887e-24
3.469485000000000241e+02	3.470398130109832096e+02	1.222841465140106349e-23	9.961425716344871973e-24	1.988635373141005770e-23	2.804523540647452401e-24
3.472542000000000257e+02	3.473456129618278965e+02	7.041031916572807201e-22	6.053884899141858391e-22	8.167727706288376155e-22	7.504512964066306515e-23
3.483777000000000044e+02	3.484693072032883947e+02	1.492370952911794517e-22	1.135828244378003419e-22	1.817401019782594016e-22	2.059610713210086163e-23
3.485883999999999787e+02	3.486801342425420671e+02	4.595646484605109945e-24	3.491120854335786459e-24	5.582394947580881328e-24	6.983665156849045011e-25
3.492955999999999790e+02	3.493874390771439380e+02	2.824490673287772906e-21	2.220412235787359934e-21	3.430944657620425817e-21	3.398041690439855196e-22
3.498192000000000235e+02	3.499111898106644958e+02	2.362028253452101182e-26	1.631979319909470247e-26	2.698008666000636189e-26	3.420788187743841807e-27
3.500851000000000113e+02	3.501771492983210692e+02	4.475215461100320872e-23	4.004497443416141868e-23	5.870611393414681276e-23	6.217177812939171135e-24
3.502594000000000278e+02	3.503514642949630797e+02	2.490227567336017790e-23	1.940018442313575828e-23	3.003973506617279294e-23	3.977342929069402363e-24
3.507692999999999870e+02	3.508614912629284390e+02	9.669024655155531306e-24	7.725046928423282303e-24	1.177999111465370816e-23	1.453816287365982439e-24
3.510335000000000036e+02	3.511257662201947483e+02	3.590715746075719945e-22	3.228245863772177176e-22	4.621931992700355717e-22	4.231748739366036435e-23
3.513928999999999974e+02	3.514852469545324993e+02	9.810803126078108449e-24	7.811777880458556533e-24	1.338003913148909785e-23	1.711166075609017435e-24
3.515052000000000021e+02	3.515975973798686596e+02	1.198167240892780034e-21	8.520559339644541363e-22	1.559990759540652950e-21	2.229482176506059765e-22
3.519764999999999873e+02	3.520690125055904787e+02	5.438255997545586825e-23	4.160084821549289088e-23	6.590110547840066793e-23	8.444577076015595422e-24
3.523070000000000164e+02	3.523995274498488470e+02	3.433552987626674945e-25	2.086336812918134527e-25	4.884145945871693399e-25	8.663109888415359483e-26
3.523441000000000258e+02	3.524367133517711750e+02	5.756159978116814535e-24	3.701355952127843841e-24	7.903710828097845641e-24	1.345951377660684947e-24
3.524535999999999945e+02	3.525462424754518906e+02	6.785864092657202546e-21	5.073834093814852345e-21	8.558975488744549262e-21	1.190305231556745297e-21
3.527977000000000203e+02	3.528903938965834755e+02	2.425639961403632244e-23	1.928357252321516817e-23	2.927249915943948621e-23	3.395944366477304361e-24
3.548183000000000220e+02	3.549114415385407710e+02	2.783696723980932989e-23	1.849192250676803599e-23	3.776933339796782221e-23	6.777626818136477493e-24
3.551532000000000266e+02	3.552463834924046182e+02	1.390406088620908593e-23	5.501865759728834879e-24	2.717519325091141303e-23	6.362436911332683125e-24
3.561750999999999863e+02	3.562685308306998877e+02	2.166018808084501114e-23	1.259107079850673662e-23	3.055963477091016497e-23	6.122667186454345357e-24
3.566372000000000071e+02	3.567307367827160078e+02	3.524747104806285076e-22	3.133202465934234086e-22	5.729815774193010357e-22	7.304868377138922741e-23
3.571863999999999919e+02	3.572800710064358327e+02	1.459851233826326598e-22	1.206532868181489352e-22	1.681637524542771876e-22	1.416878292033707626e-23
3.577235000000000014e+02	3.578173224671684807e+02	1.401772699722985611e-25	8.294688026565594491e-26	1.737944201973595363e-25	3.518936264473464659e-26
3.587928999999999746e+02	3.588870010488567459e+02	1.927779279153488702e-23	1.239868736255927941e-23	2.073845383601835597e-23	2.136663670100912951e-24
3.597703000000000202e+02	3.598645784108777548e+02	3.917511603134857019e-22	3.198654927145849122e-22	4.725009596963838561e-22	4.830266287660417839e-23
3.602278000000000020e+02	3.603222494491838006e+02	3.073843448570567238e-23	2.780964615781563949e-23	3.686435067572395312e-23	2.704533690117719835e-24
3.609313000000000216e+02	3.610258991110898705e+02	1.227902510732545272e-23	9.306136765082817153e-24	1.295689066166221797e-23	1.277257782216589885e-24
3.610461999999999989e+02	3.611408327967168930e+02	4.769547176064269144e-22	3.926797673512263354e-22	5.660243331542643980e-22	5.664258871041063993e-23
3.612740000000000009e+02	3.613686997949433248e+02	3.959521248762398064e-23	3.199823716016160719e-23	4.915278675097448363e-23	5.865390584722564517e-24
3.619390999999999963e+02	3.620338956590003363e+02	5.951148769498976260e-22	5.072585796247448424e-22	6.561804026572996504e-22	4.503917622522845704e-23
3.620027000000000044e+02	3.620975289859664485e+02	1.678610847606141001e-25	1.530274583664363258e-25	2.334630520980515319e-25	2.427895831773314246e-26
3.624730999999999881e+02	3.625680390394243204e+02	4.456407057321515544e-23	3.869066423247601708e-23	5.537308694805728014e-23	4.871572567806716569e-24
3.641634999999999991e+02	3.642588603216519232e+02	4.699872177029050049e-25	3.071669972176104313e-25	6.556882779550906328e-25	1.069002890702936594e-25
3.664091000000000236e+02	3.665050151806444774e+02	5.495047243904276940e-23	3.775279749731000366e-23	6.043191613224519549e-23	7.564097097438086291e-24
3.669238000000000284e+02	3.670198144939992062e+02	4.094404239932113909e-24	2.606677746087414655e-24	5.885339681060823226e-24	1.078341077255009668e-24
3.670425999999999931e+02	3.671385968500682111e+02	3.974852696196754625e-23	2.325312569868570606e-23	5.151723213570455601e-23	9.102269006422470235e-24
3.674062000000000126e+02	3.675023341830767549e+02	4.878704682900818921e-23	2.562746062789989766e-23	7.577557120677953052e-23	1.778121545717126805e-23
3.674144000000000005e+02	3.675104920543157618e+02	2.541346285348988248e-23	1.657080176887659022e-23	3.633931573622822525e-23	6.967343801090346849e-24
3.688414000000000215e+02	3.689377975943586421e+02	1.223413905805269608e-23	9.217456422660702450e-24	1.853890882710242996e-23	3.122765681952137497e-24
3.722488000000000170e+02	3.723460339838637196e+02	5.140016370726943933e-23	3.070149543914592378e-23	6.206183782660460999e-23	8.029014506878311810e-24
3.736809999999999832e+02	3.737785812512948951e+02	1.174174382566030907e-23	2.388062812060762144e-24	2.342188126766188834e-23	6.986963392260828083e-24
3.739225999999999885e+02	3.740202464398184361e+02	1.707488620485711721e-23	5.195232206672573607e-24	2.886147734232895102e-23	6.428772767542602797e-24
3.749044000000000096e+02	3.750022746594023602e+02	1.820919117361675292e-24	1.414718634558509585e-24	2.220677284727995201e-24	2.387620203753917488e-25
3.775570999999999913e+02	3.776555762066408306e+02	3.788761865633899669e-23	2.781113095040747952e-23	5.151105942986552550e-23	6.697743701086810673e-24
3.783530000000000086e+02	3.784516548526682982e+02	1.232567357901781226e-22	9.950669518600345288e-23	1.442713900077321543e-22	1.610415674205124292e-23
3.792339000000000055e+02	3.793327549440944040e+02	7.526853886285452005e-25	4.678155418606047968e-25	9.576196732830541298e-25	1.640929794656730561e-25
3.793607000000000085e+02	3.794596422914453910e+02	1.134823079488466137e-23	7.974923871910020936e-24	1.609547583406166048e-23	2.640559585202645684e-24
3.807139999999999986e+02	3.808132646430791510e+02	2.301300188366472509e-22	2.039261175424487399e-22	2.876627439235794975e-22	2.522126974600249663e-23
3.831691000000000145e+02	3.832689080730294222e+02	3.941023517282834625e-23	3.106980123006901567e-23	5.029938121277510793e-23	5.767748757638103179e-24
3.832871000000000095e+02	3.833869479487474905e+02	3.464124881796182774e-24	2.624960408987012405e-24	4.237673059358802137e-24	5.581150129996705038e-25
3.858297000000000025e+02	3.859301384965776833e+02	1.793306179780955215e-22	1.381333114535749537e-22	2.150706494640071668e-22	1.967080816440840532e-23
3.885869999999999891e+02	3.886880859292113541e+02	4.084090744659837593e-26	2.789876197190347107e-26	5.301258926600402860e-26	7.139177012364710283e-27
3.946191000000000031e+02	3.947216238533351884e+02	1.345516938186964741e-26	1.035421782928902843e-26	1.628642719822406882e-26	2.029093298560638895e-27
3.973555000000000064e+02	3.974586651617971143e+02	2.287245988208051292e-23	1.712278048550242492e-23	3.233036519220947569e-23	4.577176382367277050e-24
4.010009999999999764e+02	4.011050652805834034e+02	3.660727798223756412e-32	1.121893078274196491e-32	7.790671032015891626e-32	2.129666282525236208e-32
4.027663000000000011e+02	4.028708062820369378e+02	1.243505263700340720e-31	5.651840410133672888e-32	2.174827128268713938e-31	4.695578539144731015e-32
4.035948999999999955e+02	4.036996164970902328e+02	2.030065416789547003e-32	1.240636132892717303e-32	4.446748289815297972e-32	1.015534304363479502e-32
4.093616000000000099e+02	4.094676302322765764e+02	1.797867983023737593e-27	1.455810782048297053e-27	2.344894546035614531e-27	2.705165357610044680e-28
4.200453999999999724e+02	4.201540236650761244e+02	5.401494292690875293e-31	3.031335995688934718e-31	7.509225641085462487e-31	1.590537851248806985e-31
4.295881999999999721e+02	4.296991138758941133e+02	6.754786015704235462e-31	4.977780119450240063e-31	1.023167892105490101e-30	1.675598113155708833e-31
4.331641999999999939e+02	4.332759611024680453e+02	1.073558133708999328e-24	8.718930350184324363e-25	1.321401692444032585e-24	1.667687333079576540e-25
4.382873999999999910e+02	4.384003348408627971e+02	5.841811161876119362e-32	8.283153644601316507e-33	9.246939803811383507e-32	2.613824031646734310e-32
4.401541000000000281e+02	4.402675127752341382e+02	9.164333975296831573e-30	5.503988781402884717e-30	1.190484633837147175e-29	1.745892027392618318e-30
4.410518000000000143e+02	4.411654821309539329e+02	4.589401926827683293e-31	2.588352795041817902e-31	6.334986261434576278e-31	1.052068145405751099e-31
4.431032999999999902e+02	4.432174253377665991e+02	8.893086406701051240e-32	6.289761988233606476e-32	1.075477579332782677e-31	1.457481125075628528e-32
4.437570999999999799e+02	4.438713957944069080e+02	1.968610883028472745e-31	1.041704283698940949e-31	2.918110367845145919e-31	5.994298672144364815e-32
4.450090999999999894e+02	4.451236720567312091e+02	3.145287099261232590e-32	2.704414939032766684e-33	4.619103494312780147e-32	1.459030958989271661e-32
4.462454999999999927e+02	4.463603793138142350e+02	1.217871978267983945e-30	7.035175118324210336e-31	1.797569094783211487e-30	3.576910088175372912e-31
4.470477000000000203e+02	4.471628127930783307e+02	5.818861643549562753e-30	2.417885993809416853e-30	9.073501876210932906e-30	2.276694358957971341e-30
4.512989999999999782e+02	4.514151099546554065e+02	1.230045684058041225e-31	6.338712983671637021e-32	1.847687072401777567e-31	4.359741740389038466e-32
4.519982999999999720e+02	4.521145676186047808e+02	1.462700526017823056e-25	1.156101582070164785e-25	2.199295758342259094e-25	3.231376174224795491e-26
4.523142000000000280e+02	4.524306054141628692e+02	1.449181130721732672e-25	4.957381608684387507e-26	2.245849981640332212e-25	5.502337345280006121e-26
4.523142000000000280e+02	4.524306054141628692e+02	9.963120273711911805e-29	1.310991535387489225e-30	2.662779422589869618e-28	9.155305669971545134e-29
4.551224000000000274e+02	4.552394462835546847e+02	1.896102452795058269e-31	1.661711015849516654e-31	2.730222289444468653e-31	3.523673383982695460e-32
4.553168000000000006e+02	4.554338654993650266e+02	1.087692885437076230e-30	6.104904426636179067e-31	1.534734392082153804e-30	2.969843275926228329e-31
4.565443999999999960e+02	4.566617617382642038e+02	3.544517391595266145e-28	5.130177060288082367e-29	1.082520148210561953e-27	2.614747266824254784e-28
4.567409999999999854e+02	4.568583998451847492e+02	3.863637430360007663e-32	2.374375101185522073e-32	5.903949929176118015e-32	9.638202221284562789e-33
4.600359000000000265e+02	4.601541147433106858e+02	1.539097193762245459e-30	1.004483946771640414e-30	2.451235832579555745e-30	4.839779076159577275e-31
4.604986999999999853e+02	4.606170772400228657e+02	6.838138773317639644e-30	3.626967359449331346e-30	9.766779402645073308e-30	1.772346482160495929e-30
4.606220999999999890e+02	4.607404676721141072e+02	6.199891899502759926e-31	4.077169762617069602e-31	9.616479934251150269e-31	1.697669569114805682e-31
4.633032999999999788e+02	4.634223299760504915e+02	1.749138028170730761e-32	1.056370272112612245e-33	3.036633668434741998e-32	1.180634935714711385e-32
4.648652000000000157e+02	4.649845838140688556e+02	5.800511078115375148e-30	2.802344229861319965e-30	7.700076094353722869e-30	1.639530126253843686e-30
4.666985999999999990e+02	4.668184210635680529e+02	3.406177035850675273e-31	2.203055642157870083e-31	5.576167739239025363e-31	9.429071868026885147e-32
4.675593000000000075e+02	4.676793694044355902e+02	1.671450118980482619e-31	9.175186869094702690e-32	2.212008475588695862e-31	4.690224365626240260e-32
4.686213000000000193e+02	4.687416063805172257e+02	9.550649040475153516e-31	8.440517285108460292e-31	1.564322847783013145e-30	2.238832262549887429e-31
4.698389999999999986e+02	4.699595938557650356e+02	2.252466299677026669e-31	1.259913679968310242e-31	3.448470941923885058e-31	7.017115434734544896e-32
4.701351999999999975e+02	4.702558307812233238e+02	2.690936482353269800e-31	1.820342182176405527e-31	3.901552830025099878e-31	7.110756122350524366e-32
4.701530000000000200e+02	4.702736336816739140e+02	9.590050689239586422e-31	4.390291940103443008e-31	1.470902058025279265e-30	3.605016594108268254e-31
4.710659999999999741e+02	4.711869025858622990e+02	3.478735787906041430e-26	4.222770519086588787e-27	8.188093868342077557e-26	2.193280233613864492e-26
4.714417000000000257e+02	4.715627082969319872e+02	1.035743770042418574e-29	5.329165669446784320e-30	1.521811321920010125e-29	3.445454438208640939e-30
4.715761999999999716e+02	4.716971732472346162e+02	5.806532101653635947e-30	3.972952514093508806e-30	7.716240990936888779e-30	1.138985108544279543e-30
4.729275999999999840e+02	4.730488944643477112e+02	9.745067790969923785e-32	1.179286697198495434e-32	2.006284728077959538e-31	6.451354268756724250e-32
4.731798000000000002e+02	4.733011847481494669e+02	4.479363914501627923e-31	2.125639968004977398e-31	7.670361988973812552e-31	2.178212241684114715e-31
4.732456999999999994e+02	4.733670779679957263e+02	6.328902363358309491e-31	3.462867000614366171e-31	8.153126099797597408e-31	1.443406740290964681e-31
4.740165000000000077e+02	4.741380518501217125e+02	7.452132047762405181e-32	3.348925240697750149e-33	1.146538688394970879e-31	4.006512184193343210e-32
4.752420000000000186e+02	4.753638759867932322e+02	2.718737566037570689e-30	1.311124431396943539e-30	4.537450108663892140e-30	1.042253683367131494e-30
4.756514999999999986e+02	4.757735165102509427e+02	3.543109452252715132e-30	1.915700629685103888e-30	5.093802464227859349e-30	1.082242138291569729e-30
4.758419999999999845e+02	4.759640568751476621e+02	2.439261306136657934e-32	1.486714887985901931e-32	4.090443454538732292e-32	7.783437946214691561e-33
4.762626999999999953e+02	4.763848091660936461e+02	3.835896763914828375e-25	2.606243549055394287e-25	6.325986342863758939e-25	1.115149834211840218e-25
4.773410999999999831e+02	4.774635004505730649e+02	6.076319880765786388e-32	3.941314987011235054e-32	7.059555850476286786e-32	1.090668384704703173e-32
4.786281000000000176e+02	4.787508354783744835e+02	1.695380363196640917e-25	1.283997408273960420e-25	2.262312807720042016e-25	2.755882467021879552e-26
4.786535000000000082e+02	4.787762559590753426e+02	3.991846677962058596e-30	2.213671184184556701e-30	6.757271392065534685e-30	1.343586737954759409e-30
4.790964999999999918e+02	4.792192896372939117e+02	3.986535895664226126e-26	2.237356448509078584e-26	6.749241817090755682e-26	1.381801430508123318e-26
4.793426000000000045e+02	4.794654929468073306e+02	3.522332429092705505e-32	2.019941730129755159e-32	5.185153994773237337e-32	9.465533286251537338e-33
4.806992999999999938e+02	4.808225160174388293e+02	1.914203063213805802e-30	1.041656245695324257e-30	2.804259003872060315e-30	6.214902397696217989e-31
4.808874000000000137e+02	4.810106672749308814e+02	1.252662660937856664e-31	8.164654938746969775e-32	1.585418212778770584e-31	2.426418821624967999e-32
4.811983000000000175e+02	4.813216301186954524e+02	2.548698730520671213e-30	1.313572815218769008e-30	3.793697242845138856e-30	7.743277406684613895e-31
4.813254000000000019e+02	4.814487610765552859e+02	1.617179365354652644e-30	5.162583222902980783e-31	4.412996290257122142e-30	1.331923251391485081e-30
4.813254000000000019e+02	4.814487610765552859e+02	6.809176275177485407e-26	3.405604271965423402e-26	1.643697482437034551e-25	3.752947729427944038e-26
4.814597999999999729e+02	4.815831952470963984e+02	2.445553886582422352e-31	1.611770461783976976e-31	2.924730567560437457e-31	5.124562253034097009e-32
4.815932999999999993e+02	4.817167066698589224e+02	1.746322706572515676e-31	8.805149130384139048e-32	2.805451473792208144e-31	6.305435280550233872e-32
4.817817999999999756e+02	4.819052566195600207e+02	2.480067542993942314e-31	1.176911299597328208e-31	3.741055361657328136e-31	7.930506928494675723e-32
4.821118999999999915e+02	4.822354697909651691e+02	3.006054570407839954e-31	1.761193609979327019e-31	4.438052353086546865e-31	7.711473744391538601e-32
4.829023000000000252e+02	4.830260603336998315e+02	5.281845234353973765e-30	2.555287623619585754e-30	8.185446947154364603e-30	2.114328739498368539e-30
4.831175999999999817e+02	4.832413702477043671e+02	4.534255462963199209e-30	2.181388169801650285e-30	5.786902779474956616e-30	1.424319222291582638e-30
4.838643000000000143e+02	4.839882934463169022e+02	7.760951258629047776e-31	4.555803791915695070e-31	9.972146343624342854e-31	1.877576776924817447e-31
4.843158000000000243e+02	4.844399035617954610e+02	2.174273089279444456e-25	1.400044486593360556e-25	2.770206846684834697e-25	4.248041227641599092e-26
4.843509999999999991e+02	4.844750857667023638e+02	1.550630637379239964e-31	8.057336190745923291e-32	2.049485892100621669e-31	3.850862216648531646e-32
4.845169000000000210e+02	4.846409968099504795e+02	4.162457160507611514e-32	2.166060800528917752e-32	5.957159188109658094e-32	1.358185183671371939e-32
4.852554000000000087e+02	4.853797456828154395e+02	1.861381553869241990e-30	1.062620793603891917e-30	3.044699411076609305e-30	7.120731708121922533e-31
4.855410999999999717e+02	4.856654832899075700e+02	1.814144144004802928e-29	1.001660774644964343e-29	2.437027669512902065e-29	4.791234867432297381e-30
4.900971000000000117e+02	4.902225677134674697e+02	1.082955609639217741e-31	1.206943673366753859e-33	1.644487035579365253e-31	6.099714959536783413e-32
4.904411999999999807e+02	4.905667605360404195e+02	2.452320607975759007e-29	1.370493093927664840e-29	2.936346414016973611e-29	5.162520388415532096e-30
4.912017999999999915e+02	4.913275620076180985e+02	8.316031770900623534e-31	4.349803567915201744e-31	1.246924996526711481e-30	2.150892557555092123e-31
4.913972999999999729e+02	4.915231081579678971e+02	2.892292480873315397e-30	1.890461359814398721e-30	4.715535694129727121e-30	8.507347049775181412e-31
4.918364000000000260e+02	4.919623193791343851e+02	1.581132074279043002e-30	7.444668821559267923e-31	2.170067273274178163e-30	5.722091219431657111e-31
4.925563000000000216e+02	4.926824263403285613e+02	1.639966774792326482e-30	1.137631433140297801e-30	2.590409721889767583e-30	4.485923607876246195e-31
4.935831000000000017e+02	4.937093932911823799e+02	1.226915079113775983e-30	6.979670030061839102e-31	1.651476614191320595e-30	3.043481614240692590e-31
4.937348000000000070e+02	4.938611527969504778e+02	1.537389888540778013e-30	7.729143235139911833e-31	2.415660427907046251e-30	5.032398793210605589e-31
4.945445000000000277e+02	4.946710220892344410e+02	5.802741177584846134e-31	4.699242284530427341e-31	1.011451472138232989e-30	1.637990534417772173e-31
4.946032000000000153e+02	4.947297582843100940e+02	9.773756653831518494e-32	6.578205670518689229e-32	1.255563810475068548e-31	1.883177788794414176e-32
4.953208000000000197e+02	4.954475628102389919e+02	7.745008598717703970e-31	4.623249978748961778e-31	1.173853576093565313e-30	2.080071394303492187e-31
4.967524000000000228e+02	4.968794887672614209e+02	1.315697897117530910e-31	6.426977941924916670e-32	2.197573865784299436e-31	5.062257339577518019e-32
4.976134999999999877e+02	4.977407660632176771e+02	1.796813370471073275e-31	1.166781364421402261e-31	2.375103361569857377e-31	3.486494980629946045e-32
4.976326000000000249e+02	4.977598684455185207e+02	2.004229478417744717e-25	1.681452498069394296e-25	2.346435258057092926e-25	2.059012421239026775e-26
4.976696999999999775e+02	4.977970120341527149e+02	5.487756457684531881e-32	1.102011533129408440e-32	1.033665915818081654e-31	3.043290423373479887e-32
4.980172999999999774e+02	4.981446809474066981e+02	3.963734339789623269e-30	2.484627102432822464e-30	5.071879187500139094e-30	9.218448558886827159e-31
4.995649999999999977e+02	4.996928207524131835e+02	9.876410511189983525e-32	5.000743906390554695e-32	1.378900221922932579e-31	2.576722661920503994e-32
4.996843999999999824e+02	4.998122552111800587e+02	1.013478143761928459e-30	5.870756802896675293e-31	1.372774162558793625e-30	2.576251233332133222e-31
4.998224000000000160e+02	4.999502678350934275e+02	1.101445081569800122e-30	5.127684958360026472e-31	1.391556617151061826e-30	2.780926560162771166e-31
5.000342999999999734e+02	5.001621703785188515e+02	1.701131596118620902e-30	9.885020056507628542e-31	2.360225921376499721e-30	4.797573350096169354e-31
5.003740999999999985e+02	5.005020542737277651e+02	7.117942008813338305e-25	5.953433296029400258e-25	8.435693481048448694e-25	9.394565662654480720e-26
5.010937999999999874e+02	5.012219714344265640e+02	1.366289431287181563e-30	7.522241142331106000e-31	2.123288339912529784e-30	3.874252419294860803e-31
5.012443000000000097e+02	5.013724526961971151e+02	3.004569996206865208e-30	1.308961860970097607e-30	3.726861024661951693e-30	6.703894123789274764e-31
5.017576000000000249e+02	5.018859192296569063e+02	4.231155004244000779e-30	2.090053397029164124e-30	5.230841295028756579e-30	1.163345009123690946e-30
5.027318000000000211e+02	5.028603753593001215e+02	1.222358248783412624e-28	1.792478955523779519e-29	4.750974562937683001e-28	1.328387948950475768e-28
5.032726999999999862e+02	5.034014000224715915e+02	1.343654867229794587e-31	8.370866838783958841e-32	1.930079012546842342e-31	3.600391443188000456e-32
5.035362000000000080e+02	5.036649668324193385e+02	7.785669103318069311e-30	5.164263678202025096e-30	1.064434406784806356e-29	1.648051437246891903e-30
5.039356999999999971e+02	5.040645826949503316e+02	1.134618119924509485e-30	4.687905796712283513e-31	1.650110545715542243e-30	3.719728975118660115e-31
5.042187000000000126e+02	5.043475657030354569e+02	2.510911279678658518e-30	1.313005733147278671e-30	4.115173283906555974e-30	1.052323063360600541e-30
5.048847000000000094e+02	5.050137809238132718e+02	7.659780306247447346e-31	5.045176343424730974e-31	9.920407097217028175e-31	1.796306615699042436e-31
5.079957999999999743e+02	5.081256654789252138e+02	3.237912445668127532e-25	2.231252401853232890e-25	5.342614400940801955e-25	1.090853852179421601e-25
5.080532999999999788e+02	5.081830951319243468e+02	6.543893157181482389e-30	3.872963227973152918e-30	9.796766208497556353e-30	1.862698389068205385e-30
5.081109999999999900e+02	5.082408994085405993e+02	2.245881603597242454e-30	1.465392196805248993e-30	3.392489041360592258e-30	4.975583402129376317e-31
5.082343999999999937e+02	5.083643005103835435e+02	5.553822969132758491e-30	4.010772562994995881e-30	9.190030076098244243e-30	1.454931172476085155e-30
5.084101999999999748e+02	5.085401523779551098e+02	3.856950677376370603e-30	2.148457094197889924e-30	5.479834663676018453e-30	9.455844556306818398e-31
5.085477999999999952e+02	5.086777490859656154e+02	5.165832912728747094e-31	3.165761346253884717e-32	9.671075369216779425e-31	2.929092171180004920e-31
5.088962000000000216e+02	5.090262774010403746e+02	2.029688706346203240e-31	1.040972373326627758e-31	3.182308525101054938e-31	6.471779500976951747e-32
5.094411000000000058e+02	5.095712582518358431e+02	9.003614513577042708e-31	5.122748118739410333e-31	1.163356037814993230e-30	2.262701782498204904e-31
5.099936999999999898e+02	5.101240171243718464e+02	7.633520216009604152e-30	4.139276856359542533e-30	1.070295181280025178e-29	2.028912497264241276e-30
5.102966000000000122e+02	5.104269775081054377e+02	7.570633170235277034e-25	6.471767505570929666e-25	8.307621771038925791e-25	5.565135490907235212e-26
5.115391999999999939e+02	5.116699149493093159e+02	5.421041626054158719e-30	2.554907817947042496e-30	7.006333185418625892e-30	1.569216645530674646e-30
5.129378000000000384e+02	5.130687951311202823e+02	3.615262353721188444e-30	1.880752112839262144e-30	5.482360771398112194e-30	1.150064466749119904e-30
5.137074000000000069e+02	5.138385994948225743e+02	1.942508737101779066e-24	1.356044039366821607e-24	2.451998722686080400e-24	3.437667622965571937e-25
5.155126000000000204e+02	5.156442500678132319e+02	7.377582649239405903e-31	4.751177716439530522e-31	1.007605368824770034e-30	1.541222820891189841e-31
5.155764000000000351e+02	5.157080728032976822e+02	1.359545129643505272e-30	7.659850449780827453e-31	2.269754717958902980e-30	5.826453223783516915e-31
5.157980000000000018e+02	5.159297667525805764e+02	1.214214395811995189e-31	7.857045933231497689e-33	2.089602357165798236e-31	7.150770267803092205e-32
5.176559999999999491e+02	5.177882122994628844e+02	7.135608623729770645e-31	4.280989089469364650e-31	1.212043230383509953e-30	2.991027631314319539e-31
5.179121999999999844e+02	5.180444116715925702e+02	1.472268588799571127e-31	6.807507725498495783e-32	2.052369720930579505e-31	3.689437619640326633e-32
5.187820000000000391e+02	5.189144432342230857e+02	1.817055742835830318e-31	8.967753007843241684e-32	3.314675016756751511e-31	8.298792085795842787e-32
5.197160000000000082e+02	5.198487143225063392e+02	1.666171567511669538e-31	1.111560252270461979e-31	2.543567288770771867e-31	5.358944120163072628e-32
5.220290999999999713e+02	5.221622970666115862e+02	1.978627894580718185e-31	1.182824426976370814e-31	3.260493505079973458e-31	6.653432680690981470e-32
5.262826999999999771e+02	5.264170227421943764e+02	1.673705739730873450e-32	4.026575802242566572e-33	3.227358409349552090e-32	8.959342599999047000e-33
5.265711999999999762e+02	5.267055254855054045e+02	7.458780057393216531e-32	2.224654033252697266e-32	1.423157539952755138e-31	4.373567588408602872e-32
5.347708000000000084e+02	5.349071529875571969e+02	3.408502096894168521e-32	2.234020765277737427e-32	4.473658139589300690e-32	7.337636459752488586e-33
5.348283999999999878e+02	5.349647290014837608e+02	1.685202890165530148e-25	2.202726327195253219e-26	2.950737673914195422e-25	7.263038064742693426e-26
5.353391000000000304e+02	5.354756146149775304e+02	2.458026279909094649e-25	1.734759332101694461e-25	3.843057267220785367e-25	6.314405223940441134e-26
5.371330000000000382e+02	5.372699521061410906e+02	5.084573884501926961e-31	2.630363774045574409e-31	6.856392130673102869e-31	1.621024740109668849e-31
5.388343999999999596e+02	5.389716979840150088e+02	8.760590766323180328e-26	6.158045406063110313e-26	1.198985956264859424e-25	1.895610998385202255e-26
5.392331000000000358e+02	5.393705260300899909e+02	1.029461531398794660e-31	5.130126136723066216e-32	1.293101700987682707e-31	2.466068491884917088e-32
5.424645000000000437e+02	5.426027226813457673e+02	5.154241439721080957e-25	3.605226232927172970e-25	6.521290944305750002e-25	8.750494980493965216e-26
5.435857999999999493e+02	5.437242615121239169e+02	3.832832696141342885e-25	2.114006440147828953e-25	4.814667813253604022e-25	8.371484620878041769e-26
5.452861000000000331e+02	5.454249881345818949e+02	5.692048976884261993e-31	3.527072819376568725e-31	7.583333331525470355e-31	1.388830033009582301e-31
5.453229999999999791e+02	5.454618800483303858e+02	6.200229255714025893e-32	3.925284696574005027e-32	9.123254981391855877e-32	1.766979031145334996e-32
5.462492999999999483e+02	5.463884596592099570e+02	3.358181154160571122e-31	2.004890903799281608e-31	5.068670554527922080e-31	8.486916913814227652e-32
5.468103999999999587e+02	5.469496774295322439e+02	8.666983074279931449e-32	4.463840708261150503e-32	1.321686797373880397e-31	3.074312998911680355e-32
5.475430000000000064e+02	5.476824052408389889e+02	1.216606944527183237e-31	6.357740005436079904e-32	1.607448861752749662e-31	3.140193185509273098e-32
5.476903999999999542e+02	5.478298467251937609e+02	2.012654230773920284e-23	1.653092523343858822e-23	2.918886210353056081e-23	4.065067331224347482e-24
5.494880000000000564e+02	5.496279526593698392e+02	1.353711200170072347e-31	7.666189302354279599e-32	1.897542476844702800e-31	3.972400366930598194e-32
5.499406000000000176e+02	5.500806563896338730e+02	1.171309732561759691e-32	6.401941702674590510e-34	2.348392705569232011e-32	7.665513209474044065e-33
5.504094000000000051e+02	5.505495647480331627e+02	8.981519686548227743e-32	5.458377905635198425e-32	1.331779989866674939e-31	2.568699718368585424e-32
5.514792999999999665e+02	5.516197465033717435e+02	1.260976183093789707e-31	3.642068604324237148e-33	2.409858706804232694e-31	7.089484376417153292e-32
5.537105999999999995e+02	5.538515273978746336e+02	3.043627326259951111e-32	1.424203365629054407e-32	4.572016752229266175e-32	1.180793530152379963e-32
5.553690000000000282e+02	5.555104009406223895e+02	1.044111027949409100e-25	8.757440621956523883e-26	1.271281527068922492e-25	1.167449178226140587e-26
5.578718000000000075e+02	5.580138154481996935e+02	3.943316087354606183e-25	2.703620269516318517e-25	6.611934325250000758e-25	1.204172229583441260e-25
5.587857999999999947e+02	5.589279848653654881e+02	2.337092412312315369e-24	1.916410757415747182e-24	2.771077524920328584e-24	2.520472345781284298e-25
5.589357999999999720e+02	5.590780433341695925e+02	5.015595663985495295e-31	2.812469435304343033e-31	6.612565496920620733e-31	1.325517210558902170e-31
5.592261999999999489e+02	5.593684830067796838e+02	4.562402128267486815e-25	3.351045518209525114e-25	5.449093299783104105e-25	6.331319526832437653e-26
5.593736000000000104e+02	5.595158979109702386e+02	4.779263348548210029e-31	3.166244706709627850e-31	6.502913402437563043e-31	1.032567569462841770e-31
5.625317000000000007e+02	5.626748042288346596e+02	3.064308553391866230e-31	1.967469668835628232e-31	4.825575367613045779e-31	8.095612422249481630e-32
5.637119000000000142e+02	5.638552875181982245e+02	5.572697946051247719e-31	2.535659654368076401e-31	8.400408368417196016e-31	1.768174822158647306e-31
5.638746999999999616e+02	5.640181198861033636e+02	2.603019157087625215e-31	1.645230075057325664e-31	4.079298675762004695e-31	6.634873113210609647e-32
5.641880999999999631e+02	5.643316141782230488e+02	1.071038761916824256e-31	4.650105100634714549e-32	1.749859547337261730e-31	3.625391830475790609e-32
5.642604000000000042e+02	5.644039815565768095e+02	1.095479101565416398e-31	5.529560834669747403e-33	2.061647867231969706e-31	6.437210944610788221e-32
5.643078000000000429e+02	5.644513552909952523e+02	1.018578615720591440e-31	6.911102491844605726e-32	1.564836351237441388e-31	2.924312182458097216e-32
5.663985000000000127e+02	5.665425143530122796e+02	3.315028846046518168e-31	1.709694172170588413e-31	4.793835712584695362e-31	9.444372169984669055e-32
5.682199000000000524e+02	5.683643828031111980e+02	2.748206491484274439e-31	1.390443122715278842e-31	4.447333708631038952e-31	9.548962658361033906e-32
5.694982999999999720e+02	5.696431542037868212e+02	1.928454989756882119e-30	9.802388969090774084e-31	2.792790208965403362e-30	6.368568092177119931e-31
5.709545000000000528e+02	5.710996590747631672e+02	1.143205222688150078e-24	5.639681337161512940e-25	1.567053607200919049e-24	3.326867927288694121e-25
5.711888000000000147e+02	5.713340376603890718e+02	1.229739252087626391e-24	1.035455387990572860e-24	1.489569577433791653e-24	1.470716758965921396e-25
5.748351000000000113e+02	5.749811994506839028e+02	2.390349270088895206e-25	1.289117696656355840e-25	2.806921591564486749e-25	5.747087452179982170e-26
5.749297000000000253e+02	5.750758359042074517e+02	2.751474845848012515e-32	2.093364302168871018e-32	3.766167519296247889e-32	5.529994934208774026e-33
5.754655999999999949e+02	5.756118366501575565e+02	6.250621950621054075e-25	4.444750066571172845e-25	8.205801749402659086e-25	1.142591689893971501e-25
5.760829999999999700e+02	5.762294142780733637e+02	7.658126998895383097e-31	4.500206369553852357e-31	1.079225232743133441e-30	2.134640924612714155e-31
5.805217000000000098e+02	5.806691729012483165e+02	2.706351154968529307e-31	1.920425259684564881e-31	4.112671033106041272e-31	7.727686495926438971e-32
5.846993999999999687e+02	5.848478825595071839e+02	1.916337122853106077e-25	1.089522678089561085e-25	2.921994609769826399e-25	5.338866591146476622e-26
5.892871999999999844e+02	5.894368048867439711e+02	5.710208981437671978e-25	4.844973503996506267e-25	7.679400424956952581e-25	8.764326249215447768e-26
5.996730000000000018e+02	5.998252117303450177e+02	1.845001994500694067e-31	1.133622948665387159e-31	2.643151992434626395e-31	4.327592602880626249e-32
6.007309999999999945e+02	6.008834441664845372e+02	8.869061361714768452e-26	5.043409255692360130e-26	1.215736148996688193e-25	2.181322926525158443e-26
6.025753999999999451e+02	6.027283057120008607e+02	2.179561170872153083e-32	1.230917253731833958e-32	3.568931429729727887e-32	7.075255425600590917e-33
6.039298000000000002e+02	6.040830363276523940e+02	2.695371869860161356e-32	1.637830401828372048e-32	3.145857539586743932e-32	5.060979054984439447e-33
6.053685000000000400e+02	6.055221069321466985e+02	1.368237643723202762e-31	6.867496499236780374e-32	2.053056182163524267e-31	4.695097723283849638e-32
6.086281999999999925e+02	6.087825419044223736e+02	6.248878393555538538e-31	3.248221973887352485e-31	9.997430332055697430e-31	2.289919370205862395e-31
6.105761999999999716e+02	6.107310920332978412e+02	6.136792391478514840e-32	3.959677960837549584e-32	1.081466761132041546e-31	2.006219693939031591e-32
6.108115999999999985e+02	6.109665091442780067e+02	7.248862609209676308e-25	6.045789652601431613e-25	8.591084228398877614e-25	7.475294519599366894e-26
6.111069999999999709e+02	6.112620353902381112e+02	2.794756539851044741e-31	1.402779397611037807e-31	4.594647434083504017e-31	1.215132489129858863e-31
6.119756999999999607e+02	6.121308837661138114e+02	1.201477053858989155e-31	8.194875379910541573e-32	1.692389884309315029e-31	3.042706695845757356e-32
6.128972999999999729e+02	6.130527522544058456e+02	2.766881314120640783e-25	2.054726342857734658e-25	3.990242188095271231e-25	7.033976619309683018e-26
6.130135000000000218e+02	6.131689471547465473e+02	3.028124172394125998e-31	1.427631146080508514e-31	5.081516798169524912e-31	1.142501989787531957e-31
6.133962999999999965e+02	6.135518258872953083e+02	8.097540044388078895e-32	4.090284325709728767e-32	1.066204332421117880e-31	2.020046391187643640e-32
6.175366999999999962e+02	6.176932243728485901e+02	3.108158464220205458e-30	1.887830267699447132e-30	4.207124252812724859e-30	7.543935867978987373e-31
6.176811000000000149e+02	6.178377525909369297e+02	7.905509256350188322e-31	4.426652795729913830e-31	1.167822663304559614e-30	2.553243709732523252e-31
6.177241999999999962e+02	6.178807768208387188e+02	1.082134155520910884e-25	6.953809669308026846e-26	1.557778599841869233e-25	2.982856588558943315e-26
6.186711000000000240e+02	6.188279474134179736e+02	5.858635493169052631e-31	3.017794060993851804e-31	9.346184368755539942e-31	1.607137347131151822e-31
6.198624999999999545e+02	6.200196253661973742e+02	4.794196862339918862e-32	3.045634111022358290e-32	7.248219834909812355e-32	1.246876477180001773e-32
6.204604000000000497e+02	6.206176878408485891e+02	2.535113803669930535e-31	1.413656792995626950e-31	3.306289524431515767e-31	5.518732610364858096e-32
6.223984000000000378e+02	6.225561478228203214e+02	2.210112086630088791e-31	1.176601639579319256e-31	3.172413035496924311e-31	5.799412911988603228e-32
6.230089000000000397e+02	6.231668052295991629e+02	4.712848336709401313e-31	1.343806752136108531e-31	9.292592105527079936e-31	2.523781589134797546e-31
6.256354999999999791e+02	6.257940826175337179e+02	3.057338360991741437e-24	2.011044488449224486e-24	4.677694791865960065e-24	9.189417018982053012e-25
6.271767999999999574e+02	6.273357525305483477e+02	7.200203017623083654e-32	4.020985158930722619e-32	1.112916193270699692e-31	2.239456038985281179e-32
6.272627999999999702e+02	6.274217963860285181e+02	3.006981556913018927e-32	1.705025527029341314e-32	4.401256496417136604e-32	9.096304004647850052e-33
6.314659000000000333e+02	6.316258394777057674e+02	2.026261223859763503e-24	1.110854149116591489e-24	2.967687349923154913e-24	6.056302343561844057e-25
6.316574000000000524e+02	6.318174784104915034e+02	6.012996006955019561e-32	3.891405070285945295e-32	9.331334363353955674e-32	1.925573520823161762e-32
6.322165999999999713e+02	6.323767368509759308e+02	1.537675921207654720e-31	8.234264705473964365e-32	2.169141679169280361e-31	4.879319666635738488e-32
6.327599000000000160e+02	6.329201607028227272e+02	2.694102043770926858e-25	6.942441476779258141e-26	3.998355793010369779e-25	1.184631394592429295e-25
6.364571999999999434e+02	6.366183653636561530e+02	1.234438185497556221e-26	1.555077478091548208e-27	1.793145269090494490e-26	4.918004885316056370e-27
6.370345999999999549e+02	6.371959441290200630e+02	2.709434851501799762e-31	1.682771367851536032e-31	3.941747043794253759e-31	6.603537003776118203e-32
6.375214999999999463e+02	6.376829813652334451e+02	4.211412698120977916e-32	2.693656505882828513e-32	5.088775443347266641e-32	7.306858195644229237e-33
6.378250000000000455e+02	6.379865673160705910e+02	2.480156758788843923e-31	1.188912035863497687e-31	3.942549998516347047e-31	9.535545525747196244e-32
6.384661999999999580e+02	6.386278864612469306e+02	5.808948651412156427e-31	1.359636598764791641e-31	1.009314686530555324e-30	3.672828736416387834e-31
6.404443999999999733e+02	6.406065480738043334e+02	9.937160852144370607e-25	1.152416263310526389e-25	1.805218597717866707e-24	5.855906070891713092e-25
6.414587000000000216e+02	6.416211499150849704e+02	1.926671118486131032e-31	1.006067447953594804e-31	2.429872559096379034e-31	4.475671016902649011e-32
6.421512999999999920e+02	6.423139434050867749e+02	1.197266430030204068e-31	5.865401668995857903e-33	2.066284813944355948e-31	6.559299268191947657e-32
6.437696999999999434e+02	6.439326730129797625e+02	2.094386388689561913e-24	2.341265225638955606e-24	4.186395165144482301e-24	6.235639966286191747e-25
6.482798000000000229e+02	6.484439501118841918e+02	2.668145641524079858e-25	1.508088427473697078e-26	5.034736807177981736e-25	1.516183105071214422e-25
6.489582000000000335e+02	6.491224460130584930e+02	2.267821184576598418e-24	6.456980078953487778e-25	3.676338650349482354e-24	1.090830795128174600e-24
6.532872999999999593e+02	6.534526513776496586e+02	1.193763934437541869e-25	8.415897000405969550e-26	1.728611959383859284e-25	3.029144069862997215e-26
6.586309999999999718e+02	6.587976480385945024e+02	4.454390988360538517e-25	3.494500694019693909e-25	6.760516160214224149e-25	1.074331001688590776e-25
6.598597999999999502e+02	6.600267502374890682e+02	2.117810098593337599e-31	1.198204885134780391e-31	3.071400087055458090e-31	6.411309419900687394e-32
6.604290999999999485e+02	6.605961940064427154e+02	1.693524589433895149e-24	3.280159874900004126e-25	3.163540168821170057e-24	7.948441003183720533e-25
6.635122000000000071e+02	6.636800998948367578e+02	7.543325112097018135e-32	3.960748876670048532e-32	1.155015409571421965e-31	2.484501454700441104e-32
6.643630000000000564e+02	6.645310987034023356e+02	5.400042734982252771e-24	4.917068957528923404e-24	7.821430744183495504e-24	9.139639315572758734e-25
6.661323999999999614e+02	6.663008777192012531e+02	2.203433944186988330e-31	1.581484336883269641e-31	3.495053263186684830e-31	5.735522588734347095e-32
6.730252000000000407e+02	6.731953507251046176e+02	2.613061186742163681e-25	6.102122130733911737e-26	4.568466419414219272e-25	1.262335536577130643e-25
6.767771999999999935e+02	6.769483248194223961e+02	4.908850195081723817e-24	3.394408853102261774e-24	6.767360686875796694e-24	1.045736874570512205e-24
6.772314999999999827e+02	6.774027290350401245e+02	2.012066970060244414e-30	1.030144208217639050e-30	3.009037458168088790e-30	6.849088022351127497e-31
6.786979999999999791e+02	6.788696043762162162e+02	5.274603954775724665e-25	3.638900281123119736e-26	9.350933450318084779e-25	3.125213446240057054e-25
6.842037000000000262e+02	6.843766187720085554e+02	1.034819296989131227e-30	7.216191968824813995e-31	1.507158802328714924e-30	2.417256116495023055e-31
6.850390999999999622e+02	6.852122011444944292e+02	1.525003594876689871e-31	1.359082468612370063e-31	2.247940525655459721e-31	3.048194520273789018e-32
6.914559000000000424e+02	6.916306109529567721e+02	1.139330010172069814e-24	7.965004421072652107e-25	1.723797653491641153e-24	2.993853030883206904e-25
6.941644000000000005e+02	6.943397762945509157e+02	5.278097452346372225e-25	7.114645946328836837e-26	1.020653713179442974e-24	3.238400020672580888e-25
6.973509999999999991e+02	6.975271657071091340e+02	2.215232681175901441e-33	1.225572792260134592e-33	3.265545049846365388e-33	6.765236360928611499e-34
7.001540999999999713e+02	7.003309266937939128e+02	2.918716181037915505e-26	6.689261984902655843e-27	6.117115812978771724e-26	1.757342574943960245e-26
7.002007999999999583e+02	7.003776720595074039e+02	4.260520719593012483e-24	3.033251867410207457e-24	5.022010678658636992e-24	5.620215417505836937e-25
7.002007999999999583e+02	7.003776720595074039e+02	1.590594401981391347e-25	9.871766662601104536e-27	3.788207243582112034e-25	1.167538060407707006e-25
7.030010999999999513e+02	7.031786790166399896e+02	2.117336305620581633e-31	1.104991850906672869e-31	3.314603448954454812e-31	6.668338642975289451e-32
7.034371999999999616e+02	7.036148261841539124e+02	1.100332396827438763e-31	7.835190569707021803e-32	1.703851767807077234e-31	2.983852026184355657e-32
7.062956000000000358e+02	7.064739295760992945e+02	4.098894179274246434e-26	3.695256222011280770e-27	7.769586077468814647e-26	2.604516411656632539e-26
7.110883999999999787e+02	7.112679171338443211e+02	5.730779002847380514e-25	2.935157080028032730e-25	8.365374141241599240e-25	1.862100622104604478e-25
7.122196999999999889e+02	7.123995212571825277e+02	2.295685881904797971e-29	1.117220181480144214e-29	3.420611075503066227e-29	7.299855442179245031e-30
7.130236999999999625e+02	7.132037384160965985e+02	1.089360690455608349e-24	1.213396063060257488e-26	1.486108466520283341e-24	4.519365994258048294e-25
7.193940999999999804e+02	7.195756737208967024e+02	2.571048034615044355e-25	5.796720280557852221e-26	4.000611594879875251e-25	9.329717166128110773e-26
7.197010000000000218e+02	7.198827054114539123e+02	1.258931574939671543e-24	3.686725789446653987e-28	2.271602996623822777e-24	7.486024547749436730e-25
7.218736000000000104e+02	7.220558128002801368e+02	1.341030180361916627e-24	3.903339067242764645e-26	2.244255643327002893e-24	7.764457236985993075e-25
7.220753999999999451e+02	7.222576419742670168e+02	4.963366159311414889e-33	3.113132408695316023e-33	7.225259624430908869e-33	1.217597665949170011e-33
7.243984000000000378e+02	7.245811954657111755e+02	2.519118562074405777e-25	5.845587489798134772e-27	7.928448519157736389e-25	2.700243312230235556e-25
7.261917999999999438e+02	7.263750857458870769e+02	1.164500563810668535e-24	7.097175192633647390e-26	1.922909370494144410e-24	6.293388444279190598e-25
7.286531999999999698e+02	7.288370538273641159e+02	1.518270887407258137e-31	8.644361010428043000e-32	2.251232035512657445e-31	3.800506788929333244e-32
7.291449000000000069e+02	7.293288662955015980e+02	4.125835434127550647e-25	1.588469896977034333e-27	7.562980585876137033e-25	2.959507648098441498e-25
7.327648000000000366e+02	7.329496947238188795e+02	2.603414030818468484e-31	1.446451756611928648e-31	3.741850138564000247e-31	8.726048599048947801e-32
7.381930999999999585e+02	7.383793586296089870e+02	1.272939007917828537e-32	6.982559153782457788e-33	1.941199338975452050e-32	4.327513197705133501e-33
7.385238000000000511e+02	7.387100715782754605e+02	2.788390946503088559e-25	1.922426220657132694e-25	4.427524287338724705e-25	7.794608079215448815e-26
7.393676000000000386e+02	7.395541495097039615e+02	1.463465901338724507e-25	1.063045142304814165e-29	3.399979248529283520e-25	9.753298571021536375e-26
7.395806999999999789e+02	7.397673038215996257e+02	1.783433080565631277e-25	3.633005885869592787e-26	3.001476663618523192e-25	8.810853473541945253e-26
7.395806999999999789e+02	7.397673038215996257e+02	4.359503085827099237e-26	1.596537616438128293e-26	5.033473811645557223e-26	1.104629947823313926e-26
7.401117000000000417e+02	7.402983709068573717e+02	1.111978025249722677e-32	6.754699811023316781e-33	1.456996965847247321e-32	2.680043433317433778e-33
7.414501999999999953e+02	7.416372734772638751e+02	1.493559378773564726e-24	1.697296139968369214e-25	2.944008848742622294e-24	9.135976662085610221e-25
7.422274999999999636e+02	7.424147421452618119e+02	7.219572003143472456e-30	4.011501996930037094e-30	9.787551913027940644e-30	1.641999250828787400e-30
7.464366999999999734e+02	7.466250110548298835e+02	1.039120201150061178e-24	5.297429030326785024e-25	1.320880963566317421e-24	2.226464744130514552e-25
7.464366999999999734e+02	7.466250110548298835e+02	1.065764308871857709e-26	1.225056541382278550e-27	1.726092126680102862e-26	5.069581312929860185e-27
7.481473999999999478e+02	7.483360385667349419e+02	7.458538263015246916e-33	4.720499180077842120e-33	1.071594522475210916e-32	2.103194652993328294e-33
7.488696999999999662e+02	7.490585449867709258e+02	7.278361167586148006e-32	5.982491201694402073e-32	1.186640307114458483e-31	1.810256477690148526e-32
7.507380000000000564e+02	7.509272875885803842e+02	3.603252598119701147e-25	1.442076560776373712e-26	7.565337739919268579e-25	2.276454986301806002e-25
7.714307999999999765e+02	7.716252231927971934e+02	4.340531053512102949e-24	2.367433778511844921e-24	5.531629807673256258e-24	1.052033984311077081e-24
7.727623999999999569e+02	7.729572088556814151e+02	1.108291546961039354e-29	6.297372850607565327e-30	1.500308376521479130e-29	3.482373874510780259e-30
7.788930000000000291e+02	7.790892796864892489e+02	2.579367985365664117e-24	1.649611003572359564e-24	3.809421624659607992e-24	6.237010114696748423e-25
7.908259000000000469e+02	7.910250966287696883e+02	4.153586104923561429e-25	8.056181998905187410e-26	9.118197933665895739e-25	2.524425595096971970e-25
7.929687999999999874e+02	7.931685255512538788e+02	8.165846013518433015e-29	9.103867297037035199e-30	2.311600523824681980e-28	7.241133272956926958e-29
7.989945000000000164e+02	7.991956932592344174e+02	3.207153732382904831e-27	9.365496529596817413e-28	8.828368208057993324e-27	2.550415460274816353e-27
8.111975999999999658e+02	8.114018460802042227e+02	8.491243742433194253e-27	5.989637832363410673e-28	2.135293074003504198e-26	6.560137808522058657e-27
8.194530999999999494e+02	8.196593859945479608e+02	5.824807005127761122e-25	6.692131459631649435e-26	1.050783318474948832e-24	2.897747604377700544e-25
8.201740999999999531e+02	8.203805194171411586e+02	9.187848530779683105e-24	7.056282055544265100e-24	1.041174694647579318e-23	1.064768632586852478e-24
8.201740999999999531e+02	8.203805194171411586e+02	1.790452534203220362e-26	2.290559278886672845e-27	4.353116685304034025e-26	1.154559909880794208e-26
8.466322000000000116e+02	8.468451982604200339e+02	1.027006147980024123e-26	2.394162912029612696e-27	2.205248646917713751e-26	5.393671613384578388e-27
8.832353000000000520e+02	8.834573704545914552e+02	4.996622086013173053e-24	1.346768009581679590e-24	8.696355160944517003e-24	2.066165737672921686e-24
8.843374000000000024e+02	8.845597387383946852e+02	3.714379827742506348e-24	2.062259636639833708e-24	6.256251141019001370e-24	1.212085111943197049e-24
8.843374000000000024e+02	8.845597387383946852e+02	4.369858620873536420e-27	3.012336000179238710e-28	1.010902258756423816e-26	3.166401354303300899e-27
9.887106999999999744e+02	9.889588376705708015e+02	2.345133600772497906e-25	5.931556880924373613e-26	6.948499036269244736e-25	1.867635734773962445e-25
1.165049400000000105e+03	1.165341325989949610e+03	7.208673853178778911e-29	6.582510656387821687e-30	1.605449125783619320e-28	5.316598701982010991e-29
3.119978999999999814e+03	3.119906488248783262e+03	9.260575223341687012e-23	6.322574602902634867e-23	1.072017221632308584e-22	1.480062513989465450e-23
3.952380000000000109e+03	3.952288558851765174e+03	5.810693696757671320e-24	3.578596915955821098e-24	9.771241938227167679e-24	1.858542361972786897e-24
4.519458999999999833e+03	4.519354711947998112e+03	2.043494914545727901e-25	9.151638998983149037e-26	3.529634416940230245e-25	7.086363884423595813e-26
4.788131999999999607e+03	4.788021376526080530e+03	2.991438858293340274e-25	1.412656384765763388e-25	4.377050601135486829e-25	1.102203404138520810e-25
5.893270000000000437e+03	5.893136270625327597e+03	6.914028094408987360e-24	3.702409036284930090e-24	1.056466825864193517e-23	2.059992272154379011e-24
7.506579999999999927e+03	7.506409331591746195e+03	3.270848788456411939e-23	3.074036266218311660e-23	3.429062551148579363e-23	1.135665601805741759e-24
8.281620000000000800e+03	8.281429607302554359e+03	4.986468627223969251e-28	2.019530937481475373e-28	1.047997044132135038e-27	2.995718489829105775e-28
1.130728000000000065e+04	1.130701784154270354e+04	6.014013332175713015e-24	5.075201148175067505e-24	6.486624287220457071e-24	4.056138349703975861e-25
1.200089999999999964e+04	1.200061958331753704e+04	6.562072502587250679e-24	5.485901737936767146e-24	7.781547757243968866e-24	7.564977448209258051e-25
1.481418000000000029e+04	1.481383508087887640e+04	8.058099810667940818e-24	6.914461272652555437e-24	9.907661076021701143e-24	1.036472410580061665e-24
3.529759999999999854e+04	3.529682949757532333e+04	2.001794640053772540e-28	7.256946640639531833e-29	4.785183932074989966e-28	1.294546754437193069e-28
8.054319999999999709e+04	8.054131688757380471e+04	5.824259183744732711e-30	3.064664203129591765e-30	8.111773620338796288e-30	1.414955944222603353e-30
