1.963870000000000005e+02	1.963824200434621616e+02	7.561495520602965793e-04
1.968918999999999926e+02	1.968872910268248404e+02	8.531361990858653049e-04
1.976889999999999930e+02	1.976843720479718911e+02	2.077035345814275472e-02
1.977165999999999997e+02	1.977120523910047609e+02	1.514102531210075191e-08
1.981621000000000095e+02	1.981575298269283110e+02	1.255566899460612389e-03
1.990253999999999905e+02	1.990207767939140808e+02	5.629856134649696697e-03
1.994300000000000068e+02	1.994258055156589933e+02	1.215843734412979521e-03
2.000497000000000014e+02	2.001098965143827684e+02	1.063821681232719057e-03
2.001829999999999927e+02	2.002436156362606141e+02	1.550773753563725824e-03
2.006992999999999938e+02	2.007595649305022789e+02	3.498261974676441025e-03
2.007684999999999889e+02	2.008288132242448967e+02	6.049703766375719638e-04
2.014241000000000099e+02	2.014844972384013317e+02	8.833816994432279121e-03
2.025389000000000124e+02	2.025994780067717329e+02	4.689960314527045863e-03
2.026588000000000136e+02	2.027193460124502451e+02	3.923016540901930541e-03
2.029269999999999925e+02	2.029874658183634608e+02	4.819953790928887898e-04
2.030186999999999955e+02	2.030793282957104111e+02	3.019211525124628645e-10
2.033546000000000049e+02	2.034152850969034034e+02	4.316354260449125485e-04
2.041143999999999892e+02	2.041752328153992835e+02	6.474803200596551851e-04
2.047342999999999904e+02	2.047951956721222757e+02	3.382615654423983161e-03
2.050831000000000017e+02	2.051440504807731031e+02	1.434937898187623731e-03
2.052074000000000069e+02	2.052683566366334276e+02	3.630319205608904809e-03
2.052434000000000083e+02	2.053044272402540003e+02	4.561745731557367389e-04
2.053909999999999911e+02	2.054519685581880424e+02	6.740904423644434890e-04
2.055489000000000033e+02	2.056099609315693328e+02	6.327227266573472869e-03
2.059901000000000124e+02	2.060511979612201117e+02	4.794178721537304365e-03
2.060194999999999936e+02	2.060806383539089950e+02	4.380008157932511700e-04
2.062347000000000037e+02	2.062958938968109237e+02	9.211850935539569367e-04
2.063394999999999868e+02	2.064007060556023987e+02	8.027178487394821165e-04
2.064372999999999934e+02	2.064985373227308116e+02	9.922863205130126943e-03
2.069505000000000052e+02	2.070117301114479176e+02	8.591186905323875550e-03
2.080619000000000085e+02	2.081233612545739504e+02	1.421030366581180610e-07
2.082845000000000084e+02	2.083459721875555886e+02	1.351879277080505299e-03
2.085352000000000032e+02	2.085967221229853124e+02	4.816500146267169852e-03
2.085554999999999950e+02	2.086170493065426399e+02	2.385232042698318816e-02
2.088960999999999899e+02	2.089576686840587172e+02	9.454989376882482486e-04
2.089070000000000107e+02	2.089685853341233326e+02	7.504921757733141324e-03
2.095123000000000104e+02	2.095740524714454125e+02	7.085537412538864006e-04
2.105834999999999866e+02	2.106453812330667574e+02	2.302633141371803263e-03
2.109773999999999887e+02	2.110393859019001468e+02	5.460379518198772318e-04
2.111715000000000089e+02	2.112334721727901581e+02	5.682217217726126014e-03
2.114410000000000025e+02	2.115030252573160112e+02	1.894675347770034303e-03
2.121390000000000100e+02	2.122011908457295419e+02	1.858627060693555239e-02
2.124806000000000097e+02	2.125428090969704442e+02	6.924933708020053480e-03
2.125626000000000033e+02	2.126248478221583582e+02	5.355845400533701612e-04
2.128410000000000082e+02	2.129033191462044385e+02	4.252663622085991503e-03
2.129953999999999894e+02	2.130577214612814316e+02	7.300469095042182860e-03
2.147784000000000049e+02	2.148410128022770209e+02	9.023106631050711868e-02
2.151921000000000106e+02	2.152547813728270967e+02	2.745139280733029877e-03
2.152222999999999900e+02	2.152850474699585845e+02	2.093717835306203260e-03
2.157828000000000088e+02	2.158456312427772446e+02	8.191912237804470365e-02
2.158306000000000040e+02	2.158934156317360475e+02	9.867790880203683446e-02
2.161038000000000068e+02	2.161667061103072456e+02	2.227169661112890844e-02
2.166153999999999940e+02	2.166783599306532153e+02	6.801430551788659488e-04
2.173540999999999883e+02	2.174172300235754562e+02	2.707581730470541288e-04
2.174484999999999957e+02	2.175115725539840525e+02	2.066652720446080296e-02
2.182381000000000029e+02	2.183013625575755441e+02	2.205391317539789550e-02
2.183905000000000030e+02	2.184538366267487390e+02	8.881309541528405876e-03
2.190228999999999928e+02	2.190863292617514730e+02	4.227817379103842449e-02
2.191192000000000064e+02	2.191826642662668974e+02	8.077027165374870993e-04
2.197353999999999985e+02	2.197989812786844084e+02	1.530430543642194163e-01
2.200682999999999936e+02	2.201319343069390015e+02	1.379524942649371783e-02
2.201560000000000059e+02	2.202196319078021816e+02	4.325289291764138067e-02
2.212154999999999916e+02	2.212793304430319949e+02	8.092773559750540344e-03
2.221946000000000083e+02	2.222585661116553695e+02	4.268830095630685162e-02
2.230962000000000103e+02	2.231604016795214989e+02	7.194431021678088407e-03
2.244527999999999963e+02	2.245171866233374658e+02	5.258468147850140634e-02
2.251490000000000009e+02	2.252135491883439329e+02	2.496326324524353237e-03
2.253572000000000060e+02	2.254218197780803052e+02	5.883900790181598173e-03
2.254799999999999898e+02	2.255446076856238449e+02	1.258302828950588498e-03
2.258151000000000010e+02	2.258797787738786838e+02	2.433341816030720403e-02
2.259567000000000121e+02	2.260214304656098534e+02	6.710628908316441758e-03
2.261431000000000040e+02	2.262078877579898517e+02	2.403996125467052630e-02
2.266353000000000009e+02	2.267001078417131907e+02	6.743787928430272985e-03
2.267560000000000002e+02	2.268208300929847780e+02	1.095802517942191280e-02
2.271956999999999880e+02	2.272606844271049056e+02	1.314757962227510422e-02
2.274665999999999997e+02	2.275315785496592866e+02	3.212162766947254146e-03
2.287324999999999875e+02	2.287977172599773894e+02	2.444252457397634928e-02
2.288397999999999968e+02	2.289050633579394685e+02	2.470229542896692880e-03
2.289984000000000037e+02	2.290636636459933868e+02	1.818091201207547580e-01
2.293119000000000085e+02	2.293772993929317181e+02	5.356297777287939710e-02
2.300777999999999963e+02	2.301432737403543456e+02	6.462723115020931053e-02
2.302944999999999993e+02	2.303600657520588584e+02	1.481453986183367023e-02
2.307358000000000118e+02	2.308014347967626634e+02	4.142681967153881428e-02
2.312343999999999937e+02	2.313001100068132700e+02	1.659948223959232805e-01
2.313983000000000061e+02	2.314640407607109580e+02	6.711378253420153817e-01
2.317164999999999964e+02	2.317822902129997829e+02	5.300720420743182393e-01
2.320033999999999992e+02	2.320693017882557569e+02	8.365004879366066959e-01
2.321382999999999868e+02	2.322042337620422927e+02	3.389641538045270464e-01
2.324654999999999916e+02	2.325314659758257108e+02	2.288427531041721009e-03
2.325800999999999874e+02	2.326461337925545365e+02	1.000000000000000000e+00
2.329970999999999890e+02	2.330631427389042187e+02	1.724587040016853923e-01
2.345543000000000120e+02	2.346207195639451015e+02	2.494230970143742065e-01
2.346630999999999858e+02	2.347294900780499631e+02	1.258054636202965600e-02
2.347513999999999896e+02	2.348178583873337857e+02	2.622482635277515253e-02
2.348736000000000104e+02	2.349400365286322483e+02	9.545235549657594618e-03
2.419312999999999931e+02	2.419991773485502335e+02	1.490198366611503525e-02
2.476876000000000033e+02	2.477566608706927127e+02	5.987594945747638786e-03
2.540021999999999878e+02	2.540726058973901331e+02	1.043125367837006729e-03
2.553378999999999905e+02	2.554085620453516583e+02	2.340837000141180162e-03
2.561424000000000092e+02	2.562132389424601229e+02	8.239570266897810807e-04
2.635240000000000009e+02	2.635964215959374428e+02	1.286170904537403579e-08
2.696487999999999943e+02	2.697225577792306694e+02	5.172090807900726200e-03
2.746741999999999848e+02	2.747490708268574622e+02	6.774143097527434744e-03
2.788779999999999859e+02	2.789537485867341502e+02	3.749523963724450971e-09
2.798473000000000184e+02	2.799232589625481182e+02	6.828844467461616816e-09
2.798650999999999840e+02	2.799410788986187413e+02	2.268313298661223804e-02
2.805079000000000065e+02	2.805840245113385549e+02	4.020103883803206532e-03
2.821290999999999940e+02	2.822056144361276893e+02	2.225604415053386229e-02
2.834547000000000025e+02	2.835315443612416857e+02	2.548497603648871603e-03
2.865498000000000047e+02	2.866272965630122371e+02	6.875378869684260069e-03
2.907456999999999994e+02	2.908241679905218575e+02	7.529067293595320329e-03
2.914006999999999721e+02	2.914793051838226461e+02	2.550573316223653155e-03
2.943912000000000262e+02	2.944704581660298004e+02	4.663711155940902797e-02
2.981646000000000072e+02	2.982446873653848343e+02	8.543411912625029081e-02
2.984130999999999858e+02	2.984932214741054963e+02	3.002952800971987746e-02
2.991118000000000166e+02	2.991920633998660151e+02	5.141013224324316551e-04
2.992592000000000212e+02	2.993395632172536125e+02	1.848382111972967506e-02
2.994452999999999747e+02	2.995257014675747200e+02	4.892510495282178379e-02
3.002484999999999786e+02	3.003291016726341809e+02	3.617692201774571070e-01
3.003620999999999981e+02	3.004426789198818710e+02	2.867267134522377692e-01
3.012001000000000204e+02	3.012808372092681566e+02	4.724039499479815718e-01
3.019143000000000256e+02	3.019952710313500006e+02	2.755645304925701672e-02
3.031866999999999734e+02	3.032679541461143344e+02	8.376260612256882301e-03
3.037932999999999879e+02	3.038746182087223247e+02	1.198138682458557147e-01
3.045006999999999948e+02	3.045821882547518840e+02	1.147715430468140493e-02
3.050815999999999804e+02	3.051632244772756621e+02	2.937966480021736992e-01
3.054313000000000216e+02	3.055129899132117544e+02	1.341505410448248781e-01
3.057638999999999783e+02	3.058456994960459951e+02	2.975388312184217288e-01
3.064619000000000142e+02	3.065438350003855135e+02	4.873479489459691533e-02
3.080751999999999953e+02	3.081575881946833988e+02	3.524739925597597523e-02
3.097117000000000075e+02	3.097943915385814080e+02	1.091446635585060707e-02
3.099110000000000014e+02	3.099937634260817276e+02	1.141071728723620435e-02
3.101557000000000244e+02	3.102385076093212888e+02	2.640513130920815743e-01
3.101877999999999815e+02	3.102705911058745869e+02	2.024291310379391917e-01
3.105459999999999923e+02	3.106289366198404309e+02	2.079995856005819807e-02
3.107714000000000283e+02	3.108543813301315595e+02	5.679700080827907284e-04
3.114123999999999910e+02	3.114955447258341223e+02	2.008661373844385437e-02
3.129304999999999950e+02	3.130139857517297628e+02	2.113940789111637061e-03
3.134103999999999814e+02	3.134939506902900348e+02	2.385919644228298164e-01
3.145111999999999739e+02	3.145950203365410403e+02	1.131147590387091798e-04
3.145704999999999814e+02	3.146543357323320151e+02	3.305976416908600057e-03
3.159520999999999731e+02	3.160361961106480067e+02	1.418444050844873492e-04
3.165507000000000062e+02	3.166349875776651857e+02	2.301237156194436864e-04
3.184366999999999734e+02	3.185213729866781023e+02	2.283925257607711656e-03
3.195570999999999913e+02	3.196420322905575517e+02	2.464354343336407679e-03
3.197114000000000260e+02	3.197963783951237247e+02	9.782616550496553778e-03
3.200421999999999798e+02	3.201273150482592769e+02	1.075361077697748998e-03
3.221650999999999954e+02	3.222507117333103110e+02	6.565973736104536822e-03
3.225018999999999778e+02	3.225875515098958886e+02	2.623501853305445011e-02
3.226983000000000175e+02	3.227840316204816986e+02	1.208167332242110134e-03
3.232934000000000196e+02	3.233791773007712322e+02	4.233096617607601253e-02
3.234648000000000252e+02	3.235506481681977675e+02	1.047465060441792398e-02
3.235754000000000019e+02	3.236612568501445253e+02	2.571181545873468571e-04
3.243054999999999950e+02	3.243915103350638560e+02	1.956792618428646394e-02
3.248457999999999970e+02	3.249319456774824744e+02	2.452543624618664254e-03
3.249434999999999718e+02	3.250296606452633910e+02	1.360791025406801096e-03
3.250742999999999938e+02	3.251605356653146828e+02	8.447059284325300968e-03
3.271114000000000033e+02	3.271980728899214910e+02	3.231519107768565744e-03
3.282694999999999936e+02	3.283565028411240974e+02	3.096402808901857224e-03
3.286945000000000050e+02	3.287815524027497531e+02	1.615417468855771333e-03
3.310201000000000136e+02	3.311077064624611808e+02	3.713420022532099170e-04
3.315663000000000125e+02	3.316540288344899068e+02	2.113312082458998140e-02
3.320258999999999787e+02	3.321137153426105328e+02	1.813962409749888052e-02
3.322309999999999945e+02	3.323188494060771632e+02	2.370347730789015839e-02
3.337008999999999901e+02	3.337891646258798346e+02	3.220760699926822340e-05
3.351053999999999746e+02	3.351939918440245378e+02	1.040322802225617917e-05
3.361553999999999860e+02	3.362442317078592282e+02	1.613172290106666337e-02
3.362803999999999860e+02	3.363692125431281283e+02	7.675772075899574580e-04
3.365765000000000100e+02	3.366653634321359618e+02	2.085637402353993780e-02
3.366166000000000054e+02	3.367055041046223209e+02	1.571023998633871988e-02
3.367885999999999740e+02	3.368775337840608017e+02	6.618059301966977819e-04
3.369562999999999988e+02	3.370452633564387952e+02	8.033294597799750525e-02
3.371986999999999739e+02	3.372877851875823012e+02	1.307025403565141228e-02
3.374216999999999871e+02	3.375108337011359936e+02	5.534900947693101661e-03
3.380568999999999846e+02	3.381461875961041414e+02	4.147338000530260693e-01
3.380878999999999905e+02	3.381771895015256746e+02	1.904105949618200080e-02
3.391043000000000234e+02	3.391937862332429745e+02	2.825656230853909254e-02
3.392982999999999834e+02	3.393878570798706278e+02	1.063712735288219746e-01
3.409574000000000069e+02	3.410473534354457570e+02	1.489887805532114171e-03
3.413475999999999999e+02	3.414375976170717877e+02	1.257669744609951450e-02
3.413935000000000173e+02	3.414835605598447614e+02	8.344599169227374588e-03
3.414764000000000124e+02	3.415664463857226565e+02	2.338356723068711618e-01
3.420736999999999739e+02	3.421638732893535462e+02	3.557296419416746173e-04
3.423706999999999994e+02	3.424609844272733312e+02	9.768152068985487546e-02
3.433555999999999813e+02	3.434461075341143896e+02	6.797619450511095673e-02
3.437277000000000271e+02	3.438183021477378816e+02	1.947853181863039643e-02
3.446259000000000015e+02	3.447166444811288670e+02	1.497750679674311192e-01
3.452889000000000124e+02	3.453797899997519494e+02	3.533747110959096355e-02
3.458460000000000036e+02	3.459370082131356980e+02	1.992632312729767929e-01
3.461652000000000271e+02	3.462563328135993856e+02	1.186857484915995881e-01
3.467500999999999749e+02	3.468413219958886771e+02	4.481289629958739966e-03
3.469485000000000241e+02	3.470398130109832096e+02	4.953784334427771205e-03
3.472542000000000257e+02	3.473456129618278965e+02	5.196714343095942129e-02
3.483777000000000044e+02	3.484693072032883947e+02	4.072612375603162221e-02
3.485883999999999787e+02	3.486801342425420671e+02	3.149407491777752970e-03
3.492955999999999790e+02	3.493874390771439380e+02	3.069350645046765025e-01
3.498192000000000235e+02	3.499111898106644958e+02	3.887253265039574454e-06
3.500851000000000113e+02	3.501771492983210692e+02	1.541413403943981547e-02
3.502594000000000278e+02	3.503514642949630797e+02	8.038189065505364425e-04
3.507692999999999870e+02	3.508614912629284390e+02	8.518867210350873718e-04
3.510335000000000036e+02	3.511257662201947483e+02	1.681107346189852636e-01
3.513928999999999974e+02	3.514852469545324993e+02	4.053574738118522792e-03
3.515052000000000021e+02	3.515975973798686596e+02	1.640476135273525593e-01
3.519764999999999873e+02	3.520690125055904787e+02	1.315983406858758226e-02
3.523070000000000164e+02	3.523995274498488470e+02	2.115773547491404743e-04
3.523441000000000258e+02	3.524367133517711750e+02	9.473066901855525627e-04
3.524535999999999945e+02	3.525462424754518906e+02	3.523773476325931520e-01
3.527977000000000203e+02	3.528903938965834755e+02	1.790271387485564865e-03
3.548183000000000220e+02	3.549114415385407710e+02	9.587979573622977189e-03
3.551532000000000266e+02	3.552463834924046182e+02	6.540539818057710493e-04
3.561750999999999863e+02	3.562685308306998877e+02	1.278122481645792285e-03
3.566372000000000071e+02	3.567307367827160078e+02	1.930040890872077586e-01
3.571863999999999919e+02	3.572800710064358327e+02	1.998761966115219016e-02
3.577235000000000014e+02	3.578173224671684807e+02	5.791768860469187095e-05
3.587928999999999746e+02	3.588870010488567459e+02	1.137542309023601914e-03
3.597703000000000202e+02	3.598645784108777548e+02	4.257127445941853022e-02
3.602278000000000020e+02	3.603222494491838006e+02	1.858635082471275009e-03
3.609313000000000216e+02	3.610258991110898705e+02	2.020792103997655093e-03
3.610461999999999989e+02	3.611408327967168930e+02	2.476737465356357651e-02
3.612740000000000009e+02	3.613686997949433248e+02	1.363791124493202861e-02
3.619390999999999963e+02	3.620338956590003363e+02	2.410836431917640355e-01
3.620027000000000044e+02	3.620975289859664485e+02	1.478935406477275031e-05
3.624730999999999881e+02	3.625680390394243204e+02	1.354438900049995814e-03
3.641634999999999991e+02	3.642588603216519232e+02	3.468794552059443874e-05
3.664091000000000236e+02	3.665050151806444774e+02	5.971422374359395581e-03
3.669238000000000284e+02	3.670198144939992062e+02	6.738270902054958487e-04
3.670425999999999931e+02	3.671385968500682111e+02	2.064067348227143026e-03
3.674062000000000126e+02	3.675023341830767549e+02	6.541699073895250807e-04
3.674144000000000005e+02	3.675104920543157618e+02	6.149709657123175049e-03
3.688414000000000215e+02	3.689377975943586421e+02	1.675042721531823289e-03
3.722488000000000170e+02	3.723460339838637196e+02	2.669115253081395366e-03
3.736809999999999832e+02	3.737785812512948951e+02	4.851390405199415383e-03
3.739225999999999885e+02	3.740202464398184361e+02	1.007553390049791518e-03
3.749044000000000096e+02	3.750022746594023602e+02	9.325607688454345316e-05
3.775570999999999913e+02	3.776555762066408306e+02	1.304975899999239256e-02
3.783530000000000086e+02	3.784516548526682982e+02	1.085950033665458031e-02
3.792339000000000055e+02	3.793327549440944040e+02	1.238714537058447924e-04
3.793607000000000085e+02	3.794596422914453910e+02	5.892925960823511711e-04
3.807139999999999986e+02	3.808132646430791510e+02	1.698500992234463700e-02
3.831691000000000145e+02	3.832689080730294222e+02	4.282677648510719443e-03
3.832871000000000095e+02	3.833869479487474905e+02	4.644934261040261541e-05
3.858297000000000025e+02	3.859301384965776833e+02	2.455313324187645765e-02
3.885869999999999891e+02	3.886880859292113541e+02	8.602228826374235830e-06
3.946191000000000031e+02	3.947216238533351884e+02	6.890895363810735015e-07
3.973555000000000064e+02	3.974586651617971143e+02	1.187724457346801951e-03
4.010009999999999764e+02	4.011050652805834034e+02	4.162021129851542836e-04
4.027663000000000011e+02	4.028708062820369378e+02	7.828445436808871907e-03
4.035948999999999955e+02	4.036996164970902328e+02	2.308058841129528209e-04
4.093616000000000099e+02	4.094676302322765764e+02	3.392711681621480415e-07
4.200453999999999724e+02	4.201540236650761244e+02	7.708133429460866434e-04
4.295881999999999721e+02	4.296991138758941133e+02	7.679773988830278925e-03
4.331641999999999939e+02	4.332759611024680453e+02	1.415028249509248364e-03
4.382873999999999910e+02	4.384003348408627971e+02	6.641778037724742042e-04
4.401541000000000281e+02	4.402675127752341382e+02	1.470880751104968256e-02
4.410518000000000143e+02	4.411654821309539329e+02	1.322197164696165992e-03
4.431032999999999902e+02	4.432174253377665991e+02	1.883757271799315486e-03
4.437570999999999799e+02	4.438713957944069080e+02	1.339763997415703307e-03
4.450090999999999894e+02	4.451236720567312091e+02	3.575996929606881829e-04
4.462454999999999927e+02	4.463603793138142350e+02	1.029953922878031926e-02
4.470477000000000203e+02	4.471628127930783307e+02	7.420130882154664029e-03
4.512989999999999782e+02	4.514151099546554065e+02	1.227703489213509240e-03
4.519982999999999720e+02	4.521145676186047808e+02	1.729413632954752695e-04
4.523142000000000280e+02	4.524306054141628692e+02	8.168105658949459462e-09
4.523142000000000280e+02	4.524306054141628692e+02	5.615572640527752844e-12
4.551224000000000274e+02	4.552394462835546847e+02	2.734134916718646783e-03
4.553168000000000006e+02	4.554338654993650266e+02	5.543487294290194364e-03
4.565443999999999960e+02	4.566617617382642038e+02	1.997817384643641473e-11
4.567409999999999854e+02	4.568583998451847492e+02	5.513554439291644746e-05
4.600359000000000265e+02	4.601541147433106858e+02	1.562963621581129475e-02
4.604986999999999853e+02	4.606170772400228657e+02	8.719898804365041819e-03
4.606220999999999890e+02	4.607404676721141072e+02	7.017683100434736303e-03
4.633032999999999788e+02	4.634223299760504915e+02	2.790727329768356537e-05
4.648652000000000157e+02	4.649845838140688556e+02	8.909692875774968476e-03
4.666985999999999990e+02	4.668184210635680529e+02	3.399691154556727483e-03
4.675593000000000075e+02	4.676793694044355902e+02	2.385221540495503691e-04
4.686213000000000193e+02	4.687416063805172257e+02	8.076980684996263801e-03
4.698389999999999986e+02	4.699595938557650356e+02	2.560914891864701955e-03
4.701351999999999975e+02	4.702558307812233238e+02	7.752532125257369710e-04
4.701530000000000200e+02	4.702736336816739140e+02	5.195117907385102783e-03
4.710659999999999741e+02	4.711869025858622990e+02	1.960740508747449193e-09
4.714417000000000257e+02	4.715627082969319872e+02	1.662374569214605455e-02
4.715761999999999716e+02	4.716971732472346162e+02	7.404408422988411134e-03
4.729275999999999840e+02	4.730488944643477112e+02	1.107953945047006209e-03
4.731798000000000002e+02	4.733011847481494669e+02	4.470834521485332266e-03
4.732456999999999994e+02	4.733670779679957263e+02	3.428490116206228417e-03
4.740165000000000077e+02	4.741380518501217125e+02	1.188978127271224415e-04
4.752420000000000186e+02	4.753638759867932322e+02	1.653765043511684282e-02
4.756514999999999986e+02	4.757735165102509427e+02	5.442282002344461106e-03
4.758419999999999845e+02	4.759640568751476621e+02	2.434616580066930973e-04
4.762626999999999953e+02	4.763848091660936461e+02	5.055992882647087835e-04
4.773410999999999831e+02	4.774635004505730649e+02	5.573208130392430645e-04
4.786281000000000176e+02	4.787508354783744835e+02	1.406592203312303482e-04
4.786535000000000082e+02	4.787762559590753426e+02	6.406936342350537904e-03
4.790964999999999918e+02	4.792192896372939117e+02	5.254546291367031299e-05
4.793426000000000045e+02	4.794654929468073306e+02	3.576952431658990341e-04
4.806992999999999938e+02	4.808225160174388293e+02	2.731639028537088607e-03
4.808874000000000137e+02	4.810106672749308814e+02	8.168787398501812765e-04
4.811983000000000175e+02	4.813216301186954524e+02	7.173608867713104215e-03
4.813254000000000019e+02	4.814487610765552859e+02	9.115004084486690002e-14
4.813254000000000019e+02	4.814487610765552859e+02	3.837896456625975054e-09
4.814597999999999729e+02	4.815831952470963984e+02	3.118536069321999299e-04
4.815932999999999993e+02	4.817167066698589224e+02	5.525651915534929900e-04
4.817817999999999756e+02	4.819052566195600207e+02	2.819683430821660810e-03
4.821118999999999915e+02	4.822354697909651691e+02	1.628438517726008830e-03
4.829023000000000252e+02	4.830260603336998315e+02	8.631180192708413912e-03
4.831175999999999817e+02	4.832413702477043671e+02	5.782019069934113409e-03
4.838643000000000143e+02	4.839882934463169022e+02	8.823721649513274409e-03
4.843158000000000243e+02	4.844399035617954610e+02	7.473753686127483631e-05
4.843509999999999991e+02	4.844750857667023638e+02	1.762971144836015473e-03
4.845169000000000210e+02	4.846409968099504795e+02	5.939981317951874892e-05
4.852554000000000087e+02	4.853797456828154395e+02	5.639211327467341314e-03
4.855410999999999717e+02	4.856654832899075700e+02	2.773021987103067507e-02
4.900971000000000117e+02	4.902225677134674697e+02	1.738149836980245667e-04
4.904411999999999807e+02	4.905667605360404195e+02	3.120579983021971870e-02
4.912017999999999915e+02	4.913275620076180985e+02	8.444986571678725004e-03
4.913972999999999729e+02	4.915231081579678971e+02	1.759335752089974739e-02
4.918364000000000260e+02	4.919623193791343851e+02	8.884857661484744928e-03
4.925563000000000216e+02	4.926824263403285613e+02	2.091262665582311036e-03
4.935831000000000017e+02	4.937093932911823799e+02	1.224578845419188253e-02
4.937348000000000070e+02	4.938611527969504778e+02	4.429188343210223831e-03
4.945445000000000277e+02	4.946710220892344410e+02	4.501980902055780810e-03
4.946032000000000153e+02	4.947297582843100940e+02	8.964501724149854167e-04
4.953208000000000197e+02	4.954475628102389919e+02	6.549951170005578228e-03
4.967524000000000228e+02	4.968794887672614209e+02	1.336100123188942775e-03
4.976134999999999877e+02	4.977407660632176771e+02	5.085656733432956109e-04
4.976326000000000249e+02	4.977598684455185207e+02	8.851374056661780643e-05
4.976696999999999775e+02	4.977970120341527149e+02	6.239239733542788734e-04
4.980172999999999774e+02	4.981446809474066981e+02	6.324087391525468234e-03
4.995649999999999977e+02	4.996928207524131835e+02	2.845373358767300915e-04
4.996843999999999824e+02	4.998122552111800587e+02	3.206811332953564408e-03
4.998224000000000160e+02	4.999502678350934275e+02	1.691840126526973371e-03
5.000342999999999734e+02	5.001621703785188515e+02	6.094655002694440195e-03
5.003740999999999985e+02	5.005020542737277651e+02	1.628112571880930984e-04
5.010937999999999874e+02	5.012219714344265640e+02	2.232683797724932181e-03
5.012443000000000097e+02	5.013724526961971151e+02	3.831385584010919571e-03
5.017576000000000249e+02	5.018859192296569063e+02	6.791027550348941594e-03
5.027318000000000211e+02	5.028603753593001215e+02	6.889650380818066973e-12
5.032726999999999862e+02	5.034014000224715915e+02	7.550401662012594687e-04
5.035362000000000080e+02	5.036649668324193385e+02	2.203636791125932262e-02
5.039356999999999971e+02	5.040645826949503316e+02	1.734328004703401772e-03
5.042187000000000126e+02	5.043475657030354569e+02	7.944935761343781613e-03
5.048847000000000094e+02	5.050137809238132718e+02	7.025559996426325796e-03
5.079957999999999743e+02	5.081256654789252138e+02	2.686372037775224811e-04
5.080532999999999788e+02	5.081830951319243468e+02	1.044069775095413793e-02
5.081109999999999900e+02	5.082408994085405993e+02	2.099150222754455133e-02
5.082343999999999937e+02	5.083643005103835435e+02	1.682577187529272350e-02
5.084101999999999748e+02	5.085401523779551098e+02	1.111179480748814528e-02
5.085477999999999952e+02	5.086777490859656154e+02	7.896267943226661055e-04
5.088962000000000216e+02	5.090262774010403746e+02	7.271778653850076522e-04
5.094411000000000058e+02	5.095712582518358431e+02	5.476756246653637777e-03
5.099936999999999898e+02	5.101240171243718464e+02	1.247410432636804345e-02
5.102966000000000122e+02	5.104269775081054377e+02	2.241777659042077503e-04
5.115391999999999939e+02	5.116699149493093159e+02	7.736028201831213896e-03
5.129378000000000384e+02	5.130687951311202823e+02	5.526133096504542985e-03
5.137074000000000069e+02	5.138385994948225743e+02	1.805519985398964036e-03
5.155126000000000204e+02	5.156442500678132319e+02	5.723801075001206350e-03
5.155764000000000351e+02	5.157080728032976822e+02	1.246976478994995738e-02
5.157980000000000018e+02	5.159297667525805764e+02	1.948820926134532108e-04
5.176559999999999491e+02	5.177882122994628844e+02	9.407474262831429235e-03
5.179121999999999844e+02	5.180444116715925702e+02	1.495098720741208078e-03
5.187820000000000391e+02	5.189144432342230857e+02	2.777472530684593722e-04
5.197160000000000082e+02	5.198487143225063392e+02	1.086533647793190603e-03
5.220290999999999713e+02	5.221622970666115862e+02	7.088842758368388416e-04
5.262826999999999771e+02	5.264170227421943764e+02	2.558353938716586152e-05
5.265711999999999762e+02	5.267055254855054045e+02	1.197138389185554026e-04
5.347708000000000084e+02	5.349071529875571969e+02	1.221166216883433776e-04
5.348283999999999878e+02	5.349647290014837608e+02	9.498409116591064090e-09
5.353391000000000304e+02	5.354756146149775304e+02	2.039330333128237728e-04
5.371330000000000382e+02	5.372699521061410906e+02	5.780846080349526586e-03
5.388343999999999596e+02	5.389716979840150088e+02	3.011328147107802399e-05
5.392331000000000358e+02	5.393705260300899909e+02	1.027501279415688395e-03
5.424645000000000437e+02	5.426027226813457673e+02	1.771696993778850836e-04
5.435857999999999493e+02	5.437242615121239169e+02	3.179954601354303620e-04
5.452861000000000331e+02	5.454249881345818949e+02	7.243136987013937007e-04
5.453229999999999791e+02	5.454618800483303858e+02	3.484095686991326444e-04
5.462492999999999483e+02	5.463884596592099570e+02	9.674850168628345041e-04
5.468103999999999587e+02	5.469496774295322439e+02	3.105125545398717429e-04
5.475430000000000064e+02	5.476824052408389889e+02	3.685812641901292327e-04
5.476903999999999542e+02	5.478298467251937609e+02	1.870718709240838662e-02
5.494880000000000564e+02	5.496279526593698392e+02	7.606911227674028773e-04
5.499406000000000176e+02	5.500806563896338730e+02	1.868809682047976599e-05
5.504094000000000051e+02	5.505495647480331627e+02	1.379578124879148320e-04
5.514792999999999665e+02	5.516197465033717435e+02	1.927473454900464054e-04
5.537105999999999995e+02	5.538515273978746336e+02	4.675068169010902899e-05
5.553690000000000282e+02	5.555104009406223895e+02	4.611157237524463265e-05
5.578718000000000075e+02	5.580138154481996935e+02	2.159236128983601014e-04
5.587857999999999947e+02	5.589279848653654881e+02	5.345715845144356207e-04
5.589357999999999720e+02	5.590780433341695925e+02	1.587016860282650576e-03
5.592261999999999489e+02	5.593684830067796838e+02	2.014915371172289074e-04
5.593736000000000104e+02	5.595158979109702386e+02	1.712269723452507740e-03
5.625317000000000007e+02	5.626748042288346596e+02	4.039936236628987286e-03
5.637119000000000142e+02	5.638552875181982245e+02	6.307759688998396119e-03
5.638746999999999616e+02	5.640181198861033636e+02	7.886064566262587956e-04
5.641880999999999631e+02	5.643316141782230488e+02	9.823580807151333777e-04
5.642604000000000042e+02	5.644039815565768095e+02	1.674501800252081783e-04
5.643078000000000429e+02	5.644513552909952523e+02	5.723700230315146263e-04
5.663985000000000127e+02	5.665425143530122796e+02	3.768982798996312403e-03
5.682199000000000524e+02	5.683643828031111980e+02	2.568656450782790760e-03
5.694982999999999720e+02	5.696431542037868212e+02	1.173048656804980862e-02
5.709545000000000528e+02	5.710996590747631672e+02	4.631174428272852349e-04
5.711888000000000147e+02	5.713340376603890718e+02	3.641441765552457400e-04
5.748351000000000113e+02	5.749811994506839028e+02	6.523154313868101623e-05
5.749297000000000253e+02	5.750758359042074517e+02	7.787707285921280354e-05
5.754655999999999949e+02	5.756118366501575565e+02	5.809818322803483176e-04
5.760829999999999700e+02	5.762294142780733637e+02	1.092843230568985372e-03
5.805217000000000098e+02	5.806691729012483165e+02	2.482268635710248479e-03
5.846993999999999687e+02	5.848478825595071839e+02	4.637273156615502845e-05
5.892871999999999844e+02	5.894368048867439711e+02	5.307516120711370340e-04
5.996730000000000018e+02	5.998252117303450177e+02	1.431420683655935987e-03
6.007309999999999945e+02	6.008834441664845372e+02	3.664470953566235136e-05
6.025753999999999451e+02	6.027283057120008607e+02	2.873499192634955141e-04
6.039298000000000002e+02	6.040830363276523940e+02	3.050902487835612919e-04
6.053685000000000400e+02	6.055221069321466985e+02	8.922467932295449506e-04
6.086281999999999925e+02	6.087825419044223736e+02	4.848110630149625282e-03
6.105761999999999716e+02	6.107310920332978412e+02	3.732913710795208854e-04
6.108115999999999985e+02	6.109665091442780067e+02	2.496749952333448684e-04
6.111069999999999709e+02	6.112620353902381112e+02	8.051635554965115441e-04
6.119756999999999607e+02	6.121308837661138114e+02	1.220108083463998429e-03
6.128972999999999729e+02	6.130527522544058456e+02	2.437753066357830657e-05
6.130135000000000218e+02	6.131689471547465473e+02	3.427546185495991462e-03
6.133962999999999965e+02	6.135518258872953083e+02	1.323236939738429367e-04
6.175366999999999962e+02	6.176932243728485901e+02	9.416426407879483970e-03
6.176811000000000149e+02	6.178377525909369297e+02	1.261313880443501543e-03
6.177241999999999962e+02	6.178807768208387188e+02	2.953094835596024292e-05
6.186711000000000240e+02	6.188279474134179736e+02	9.573725919881880247e-04
6.198624999999999545e+02	6.200196253661973742e+02	2.916234093975657304e-04
6.204604000000000497e+02	6.206176878408485891e+02	3.893981942566250554e-04
6.223984000000000378e+02	6.225561478228203214e+02	6.255447337897479445e-04
6.230089000000000397e+02	6.231668052295991629e+02	7.203855384240456187e-04
6.256354999999999791e+02	6.257940826175337179e+02	3.322384300711100718e-04
6.271767999999999574e+02	6.273357525305483477e+02	2.174984179500907998e-05
6.272627999999999702e+02	6.274217963860285181e+02	2.543003292488080691e-04
6.314659000000000333e+02	6.316258394777057674e+02	1.109517052246156371e-03
6.316574000000000524e+02	6.318174784104915034e+02	1.902610713294026438e-04
6.322165999999999713e+02	6.323767368509759308e+02	5.509041315259617351e-04
6.327599000000000160e+02	6.329201607028227272e+02	3.688642084309274764e-05
6.364571999999999434e+02	6.366183653636561530e+02	6.759396076999270798e-06
6.370345999999999549e+02	6.371959441290200630e+02	1.969766164417584167e-04
6.375214999999999463e+02	6.376829813652334451e+02	6.881962694953596717e-05
6.378250000000000455e+02	6.379865673160705910e+02	7.019775190673760001e-04
6.384661999999999580e+02	6.386278864612469306e+02	8.879306743927608105e-04
6.404443999999999733e+02	6.406065480738043334e+02	3.025285856325629460e-10
6.414587000000000216e+02	6.416211499150849704e+02	2.959402664207071263e-04
6.421512999999999920e+02	6.423139434050867749e+02	1.910223260535818136e-04
6.437696999999999434e+02	6.439326730129797625e+02	3.084731325483701272e-10
6.482798000000000229e+02	6.484439501118841918e+02	1.080877485573270285e-04
6.489582000000000335e+02	6.491224460130584930e+02	6.904192713047108791e-10
6.532872999999999593e+02	6.534526513776496586e+02	3.257727419213850024e-05
6.586309999999999718e+02	6.587976480385945024e+02	1.215583017719357861e-04
6.598597999999999502e+02	6.600267502374890682e+02	7.587491727035478289e-04
6.604290999999999485e+02	6.605961940064427154e+02	3.010127662944652701e-10
6.635122000000000071e+02	6.636800998948367578e+02	7.050493028664290033e-04
6.643630000000000564e+02	6.645310987034023356e+02	2.804142125561762079e-04
6.661323999999999614e+02	6.663008777192012531e+02	6.675487694372080798e-04
6.730252000000000407e+02	6.731953507251046176e+02	3.848665051338786296e-11
6.767771999999999935e+02	6.769483248194223961e+02	5.334406891552490775e-04
6.772314999999999827e+02	6.774027290350401245e+02	1.462777905868479795e-03
6.786979999999999791e+02	6.788696043762162162e+02	1.605809242652922996e-10
6.842037000000000262e+02	6.843766187720085554e+02	8.214217772414113359e-04
6.850390999999999622e+02	6.852122011444944292e+02	1.108681568829111180e-04
6.914559000000000424e+02	6.916306109529567721e+02	5.334134432468205919e-04
6.941644000000000005e+02	6.943397762945509157e+02	7.773881953270219925e-11
6.973509999999999991e+02	6.975271657071091340e+02	5.212835648161447718e-05
7.001540999999999713e+02	7.003309266937939128e+02	1.005303159784372982e-05
7.002007999999999583e+02	7.003776720595074039e+02	1.297080047847430216e-09
7.002007999999999583e+02	7.003776720595074039e+02	4.842432178630407295e-11
7.030010999999999513e+02	7.031786790166399896e+02	1.400040829937779978e-04
7.034371999999999616e+02	7.036148261841539124e+02	7.275699556902451076e-05
7.062956000000000358e+02	7.064739295760992945e+02	1.411795808313519902e-05
7.110883999999999787e+02	7.112679171338443211e+02	4.229667155905455074e-05
7.122196999999999889e+02	7.123995212571825277e+02	6.934638456756779881e-03
7.130236999999999625e+02	7.132037384160965985e+02	1.604472347961318892e-10
7.193940999999999804e+02	7.195756737208967024e+02	7.827341602683453961e-11
7.197010000000000218e+02	7.198827054114539123e+02	1.368070526185492678e-04
7.218736000000000104e+02	7.220558128002801368e+02	1.018649141414991739e-10
7.220753999999999451e+02	7.222576419742670168e+02	1.167968144836259680e-04
7.243984000000000378e+02	7.245811954657111755e+02	4.477566205562033143e-11
7.261917999999999438e+02	7.263750857458870769e+02	1.265453127706410539e-04
7.286531999999999698e+02	7.288370538273641159e+02	1.205177342842944042e-04
7.291449000000000069e+02	7.293288662955015980e+02	5.648906376966959932e-05
7.327648000000000366e+02	7.329496947238188795e+02	1.892688752797941777e-04
7.381930999999999585e+02	7.383793586296089870e+02	1.911781710922241741e-04
7.385238000000000511e+02	7.387100715782754605e+02	3.296834335609781833e-04
7.393676000000000386e+02	7.395541495097039615e+02	4.391125140888162436e-11
7.395806999999999789e+02	7.397673038215996257e+02	2.626741617609004853e-11
7.395806999999999789e+02	7.397673038215996257e+02	6.420923954155345772e-12
7.401117000000000417e+02	7.402983709068573717e+02	1.749472265922620204e-04
7.414501999999999953e+02	7.416372734772638751e+02	1.623038619319675392e-04
7.422274999999999636e+02	7.424147421452618119e+02	4.773778994033745296e-03
7.464366999999999734e+02	7.466250110548298835e+02	3.163514905651494585e-10
7.464366999999999734e+02	7.466250110548298835e+02	3.244630672463071862e-12
7.481473999999999478e+02	7.483360385667349419e+02	6.901355045045879863e-04
7.488696999999999662e+02	7.490585449867709258e+02	5.291387446491084898e-05
7.507380000000000564e+02	7.509272875885803842e+02	1.081154884312666554e-10
7.714307999999999765e+02	7.716252231927971934e+02	2.253957342895409883e-04
7.727623999999999569e+02	7.729572088556814151e+02	3.347845296882480740e-03
7.788930000000000291e+02	7.790892796864892489e+02	1.339417997237942642e-04
7.908259000000000469e+02	7.910250966287696883e+02	1.246282291475961298e-10
7.929687999999999874e+02	7.931685255512538788e+02	1.451424982548067855e-14
7.989945000000000164e+02	7.991956932592344174e+02	2.436160232423736800e-13
8.111975999999999658e+02	8.114018460802042227e+02	1.250638645574371716e-12
8.194530999999999494e+02	8.196593859945479608e+02	1.773313978774613242e-10
8.201740999999999531e+02	8.203805194171411586e+02	2.756811254520718342e-09
8.201740999999999531e+02	8.203805194171411586e+02	5.372247572912169546e-12
8.466322000000000116e+02	8.468451982604200339e+02	3.081528932185214203e-12
8.832353000000000520e+02	8.834573704545914552e+02	3.795443885177043135e-10
8.843374000000000024e+02	8.845597387383946852e+02	1.114498576939024874e-09
8.843374000000000024e+02	8.845597387383946852e+02	1.311174796398852745e-12
9.887106999999999744e+02	9.889588376705708015e+02	7.036566484858768771e-11
1.165049400000000105e+03	1.165341325989949610e+03	4.063067648717320983e-12
3.119978999999999814e+03	3.119906488248783262e+03	1.556005685875026544e-10
3.952380000000000109e+03	3.952288558851765174e+03	9.763402610502731691e-12
4.519458999999999833e+03	4.519354711947998112e+03	3.009775469515905244e-11
4.788131999999999607e+03	4.788021376526080530e+03	9.107186451656170907e-11
5.893270000000000437e+03	5.893136270625327597e+03	1.161727729405336910e-11
7.506579999999999927e+03	7.506409331591746195e+03	7.929663408183380097e-11
8.281620000000000800e+03	8.281429607302554359e+03	3.787731298070894577e-14
1.130728000000000065e+04	1.130701784154270354e+04	1.249639645175295517e-11
1.200089999999999964e+04	1.200061958331753704e+04	5.461802660513269218e-12
1.481418000000000029e+04	1.481383508087887640e+04	3.036767226603635634e-12
3.529759999999999854e+04	3.529682949757532333e+04	3.558057237051650294e-14
8.054319999999999709e+04	8.054131688757380471e+04	8.578299997010027626e-16
