1.963870000000000005e+02	1.963824200434621616e+02	2.477667355563737978e-05
1.968918999999999926e+02	1.968872910268248404e+02	5.284657071977635825e-05
1.976889999999999930e+02	1.976843720479718911e+02	1.286596388802415053e-03
1.977165999999999997e+02	1.977120523910047609e+02	4.377975829430682395e-16
1.981621000000000095e+02	1.981575298269283110e+02	7.407764311220959835e-06
1.990253999999999905e+02	1.990207767939140808e+02	1.844729091399301732e-04
1.994300000000000068e+02	1.994258055156589933e+02	6.494076097178188341e-05
2.000497000000000014e+02	2.001098965143827684e+02	6.692513602265686159e-06
2.001829999999999927e+02	2.002436156362606141e+02	8.283007495212192000e-05
2.006992999999999938e+02	2.007595649305022789e+02	1.906828140355402098e-05
2.007684999999999889e+02	2.008288132242448967e+02	1.982300127261710939e-05
2.014241000000000099e+02	2.014844972384013317e+02	5.211895462625284163e-05
2.025389000000000124e+02	2.025994780067717329e+02	2.556397539586036625e-05
2.026588000000000136e+02	2.027193460124502451e+02	9.620158657251164157e-05
2.029269999999999925e+02	2.029874658183634608e+02	2.574438294760565273e-05
2.030186999999999955e+02	2.030793282957104111e+02	8.729947152502464078e-18
2.033546000000000049e+02	2.034152850969034034e+02	3.552378921497342331e-06
2.041143999999999892e+02	2.041752328153992835e+02	3.529277405618730375e-06
2.047342999999999904e+02	2.047951956721222757e+02	1.797104696681021247e-04
2.050831000000000017e+02	2.051440504807731031e+02	9.079196901618784586e-06
2.052074000000000069e+02	2.052683566366334276e+02	1.543982342552725501e-04
2.052434000000000083e+02	2.053044272402540003e+02	3.754337203158272082e-06
2.053909999999999911e+02	2.054519685581880424e+02	4.390171097827754893e-06
2.055489000000000033e+02	2.056099609315693328e+02	3.980465457058682738e-05
2.059901000000000124e+02	2.060511979612201117e+02	2.693357602564148924e-04
2.060194999999999936e+02	2.060806383539089950e+02	4.643639087288804260e-06
2.062347000000000037e+02	2.062958938968109237e+02	5.021183866674461011e-06
2.063394999999999868e+02	2.064007060556023987e+02	1.968452842695827775e-05
2.064372999999999934e+02	2.064985373227308116e+02	1.089828866698986303e-04
2.069505000000000052e+02	2.070117301114479176e+02	7.655271522853807889e-05
2.080619000000000085e+02	2.081233612545739504e+02	4.108860839699806200e-15
2.082845000000000084e+02	2.083459721875555886e+02	3.315125744530879288e-05
2.085352000000000032e+02	2.085967221229853124e+02	2.641175007942641838e-05
2.085554999999999950e+02	2.086170493065426399e+02	1.407271632238148314e-04
2.088960999999999899e+02	2.089576686840587172e+02	5.311789359455474258e-05
2.089070000000000107e+02	2.089685853341233326e+02	6.687343023304251918e-05
2.095123000000000104e+02	2.095740524714454125e+02	2.321710658405995572e-05
2.105834999999999866e+02	2.106453812330667574e+02	2.051786570235076819e-05
2.109773999999999887e+02	2.110393859019001468e+02	2.322310816831159254e-05
2.111715000000000089e+02	2.112334721727901581e+02	3.700676383029564222e-05
2.114410000000000025e+02	2.115030252573160112e+02	1.032747203073524512e-05
2.121390000000000100e+02	2.122011908457295419e+02	7.396881218673440799e-04
2.124806000000000097e+02	2.125428090969704442e+02	4.381571965252414332e-05
2.125626000000000033e+02	2.126248478221583582e+02	1.115529931608585209e-05
2.128410000000000082e+02	2.129033191462044385e+02	3.789382664024806515e-05
2.129953999999999894e+02	2.130577214612814316e+02	7.690207786706081149e-05
2.147784000000000049e+02	2.148410128022770209e+02	2.394132904547257613e-03
2.151921000000000106e+02	2.152547813728270967e+02	1.787835930073930133e-05
2.152222999999999900e+02	2.152850474699585845e+02	8.332485015793874824e-05
2.157828000000000088e+02	2.158456312427772446e+02	1.867771790895256679e-03
2.158306000000000040e+02	2.158934156317360475e+02	5.343452791247009157e-03
2.161038000000000068e+02	2.161667061103072456e+02	2.346068074151190540e-04
2.166153999999999940e+02	2.166783599306532153e+02	1.416620307509490520e-05
2.173540999999999883e+02	2.174172300235754562e+02	2.870549985819408487e-06
2.174484999999999957e+02	2.175115725539840525e+02	4.111090395045458989e-04
2.182381000000000029e+02	2.183013625575755441e+02	2.323127084312446645e-04
2.183905000000000030e+02	2.184538366267487390e+02	7.913788486754975515e-05
2.190228999999999928e+02	2.190863292617514730e+02	2.289381975106137383e-03
2.191192000000000064e+02	2.191826642662668974e+02	4.291135895126442626e-05
2.197353999999999985e+02	2.197989812786844084e+02	3.489411158664332095e-03
2.200682999999999936e+02	2.201319343069390015e+02	1.453171476764694465e-04
2.201560000000000059e+02	2.202196319078021816e+02	2.371814727003165163e-04
2.212154999999999916e+02	2.212793304430319949e+02	4.382272992178205687e-04
2.221946000000000083e+02	2.222585661116553695e+02	9.733014955834790776e-04
2.230962000000000103e+02	2.231604016795214989e+02	3.895816499450009316e-04
2.244527999999999963e+02	2.245171866233374658e+02	5.164269660155674027e-04
2.251490000000000009e+02	2.252135491883439329e+02	1.470970333037818324e-05
2.253572000000000060e+02	2.254218197780803052e+02	5.438880144019737754e-05
2.254799999999999898e+02	2.255446076856238449e+02	4.416228468719160126e-05
2.258151000000000010e+02	2.258797787738786838e+02	2.306529835372045335e-04
2.259567000000000121e+02	2.260214304656098534e+02	6.396782175069414911e-05
2.261431000000000040e+02	2.262078877579898517e+02	1.794181801478172619e-03
2.266353000000000009e+02	2.267001078417131907e+02	5.188410791730027231e-05
2.267560000000000002e+02	2.268208300929847780e+02	1.076172668126680794e-04
2.271956999999999880e+02	2.272606844271049056e+02	9.812473423678382684e-04
2.274665999999999997e+02	2.275315785496592866e+02	1.892779837575272938e-05
2.287324999999999875e+02	2.287977172599773894e+02	2.400466914049906861e-04
2.288397999999999968e+02	2.289050633579394685e+02	2.283397169858997187e-05
2.289984000000000037e+02	2.290636636459933868e+02	1.369293744374229342e-02
2.293119000000000085e+02	2.293772993929317181e+02	5.077157902379809008e-04
2.300777999999999963e+02	2.301432737403543456e+02	4.867394070849297497e-03
2.302944999999999993e+02	2.303600657520588584e+02	1.412168454175595511e-04
2.307358000000000118e+02	2.308014347967626634e+02	3.091820538327717804e-03
2.312343999999999937e+02	2.313001100068132700e+02	1.534400350607212967e-03
2.313983000000000061e+02	2.314640407607109580e+02	6.591152806761097459e-03
2.317164999999999964e+02	2.317822902129997829e+02	5.024476922586061309e-03
2.320033999999999992e+02	2.320693017882557569e+02	7.011392210414046922e-02
2.321382999999999868e+02	2.322042337620422927e+02	1.997359917697183202e-03
2.324654999999999916e+02	2.325314659758257108e+02	8.031626869674633891e-05
2.325800999999999874e+02	2.326461337925545365e+02	7.693614993224903893e-03
2.329970999999999890e+02	2.330631427389042187e+02	1.643930514957232065e-03
2.345543000000000120e+02	2.346207195639451015e+02	2.058371931087398660e-02
2.346630999999999858e+02	2.347294900780499631e+02	2.413725628604318529e-05
2.347513999999999896e+02	2.348178583873337857e+02	2.045440157744431164e-03
2.348736000000000104e+02	2.349400365286322483e+02	3.614594731870846857e-04
2.419312999999999931e+02	2.419991773485502335e+02	7.694049598843313701e-05
2.476876000000000033e+02	2.477566608706927127e+02	4.569396426582863525e-04
2.540021999999999878e+02	2.540726058973901331e+02	3.950112534833923197e-05
2.553378999999999905e+02	2.554085620453516583e+02	8.540939095647244515e-05
2.561424000000000092e+02	2.562132389424601229e+02	6.287977606247400087e-05
2.635240000000000009e+02	2.635964215959374428e+02	3.718919304679834607e-16
2.696487999999999943e+02	2.697225577792306694e+02	1.887124673130713827e-04
2.746741999999999848e+02	2.747490708268574622e+02	7.573727331408594077e-04
2.788779999999999859e+02	2.789537485867341502e+02	1.084162066087928352e-16
2.798473000000000184e+02	2.799232589625481182e+02	1.974537087497965790e-16
2.798650999999999840e+02	2.799410788986187413e+02	2.536053074010003339e-03
2.805079000000000065e+02	2.805840245113385549e+02	5.010587583939048314e-04
2.821290999999999940e+02	2.822056144361276893e+02	2.773954646733283597e-03
2.834547000000000025e+02	2.835315443612416857e+02	2.849308861194542052e-04
2.865498000000000047e+02	2.866272965630122371e+02	7.686912441829461644e-04
2.907456999999999994e+02	2.908241679905218575e+02	8.417758810310764462e-04
2.914006999999999721e+02	2.914793051838226461e+02	3.178990234975252282e-04
2.943912000000000262e+02	2.944704581660298004e+02	1.999409712920874674e-02
2.981646000000000072e+02	2.982446873653848343e+02	1.517487531771826575e-02
2.984130999999999858e+02	2.984932214741054963e+02	1.934698809635584937e-02
2.991118000000000166e+02	2.991920633998660151e+02	6.407669496912647808e-05
2.992592000000000212e+02	2.993395632172536125e+02	6.167701555056044789e-03
2.994452999999999747e+02	2.995257014675747200e+02	1.928329431188292864e-02
3.002484999999999786e+02	3.003291016726341809e+02	2.330754181063297292e-01
3.003620999999999981e+02	3.004426789198818710e+02	1.229244600836829765e-01
3.012001000000000204e+02	3.012808372092681566e+02	5.281640283761240839e-02
3.019143000000000256e+02	3.019952710313500006e+02	1.371380043926111528e-02
3.031866999999999734e+02	3.032679541461143344e+02	1.055909360838185561e-02
3.037932999999999879e+02	3.038746182087223247e+02	5.962681322021199520e-02
3.045006999999999948e+02	3.045821882547518840e+02	4.920444904534822424e-03
3.050815999999999804e+02	3.051632244772756621e+02	3.703593347542596392e-01
3.054313000000000216e+02	3.055129899132117544e+02	4.476349858907727186e-02
3.057638999999999783e+02	3.058456994960459951e+02	5.284908081333356683e-02
3.064619000000000142e+02	3.065438350003855135e+02	3.139814573172526602e-02
3.080751999999999953e+02	3.081575881946833988e+02	1.511114004944850292e-02
3.097117000000000075e+02	3.097943915385814080e+02	3.641951016488260452e-03
3.099110000000000014e+02	3.099937634260817276e+02	4.497409253830846054e-03
3.101557000000000244e+02	3.102385076093212888e+02	1.314083132178470448e-01
3.101877999999999815e+02	3.102705911058745869e+02	2.523041493262865448e-02
3.105459999999999923e+02	3.106289366198404309e+02	3.694504970504319634e-03
3.107714000000000283e+02	3.108543813301315595e+02	3.659234664596845580e-04
3.114123999999999910e+02	3.114955447258341223e+02	3.184653977218297564e-03
3.129304999999999950e+02	3.130139857517297628e+02	9.062812007354478956e-04
3.134103999999999814e+02	3.134939506902900348e+02	7.961362644998835891e-02
3.145111999999999739e+02	3.145950203365410403e+02	2.705133410144421925e-05
3.145704999999999814e+02	3.146543357323320151e+02	1.645258943788864905e-03
3.159520999999999731e+02	3.160361961106480067e+02	1.788087095715121158e-04
3.165507000000000062e+02	3.166349875776651857e+02	5.503396346145236957e-05
3.184366999999999734e+02	3.185213729866781023e+02	7.621026665283413791e-04
3.195570999999999913e+02	3.196420322905575517e+02	1.587698419046082790e-03
3.197114000000000260e+02	3.197963783951237247e+02	1.550995559072963596e-03
3.200421999999999798e+02	3.201273150482592769e+02	2.894080507407165376e-04
3.221650999999999954e+02	3.222507117333103110e+02	2.388509897096628351e-03
3.225018999999999778e+02	3.225875515098958886e+02	4.659884590239848738e-03
3.226983000000000175e+02	3.227840316204816986e+02	7.004977359864600480e-04
3.232934000000000196e+02	3.233791773007712322e+02	1.156160668050725399e-01
3.234648000000000252e+02	3.235506481681977675e+02	2.505007087528137583e-03
3.235754000000000019e+02	3.236612568501445253e+02	1.279579434631568510e-04
3.243054999999999950e+02	3.243915103350638560e+02	7.118241289913126470e-03
3.248457999999999970e+02	3.249319456774824744e+02	1.421989496492298034e-03
3.249434999999999718e+02	3.250296606452633910e+02	2.157480901288277224e-04
3.250742999999999938e+02	3.251605356653146828e+02	3.621393309743059855e-03
3.271114000000000033e+02	3.271980728899214910e+02	8.696870895801046830e-04
3.282694999999999936e+02	3.283565028411240974e+02	7.405030750018237566e-04
3.286945000000000050e+02	3.287815524027497531e+02	9.837593017372658812e-04
3.310201000000000136e+02	3.311077064624611808e+02	1.239098036017048285e-04
3.315663000000000125e+02	3.316540288344899068e+02	7.687613486559397198e-03
3.320258999999999787e+02	3.321137153426105328e+02	4.881851649741431216e-03
3.322309999999999945e+02	3.323188494060771632e+02	1.527133204256678374e-02
3.337008999999999901e+02	3.337891646258798346e+02	1.148734533054708335e-05
3.351053999999999746e+02	3.351939918440245378e+02	1.740058219473743651e-05
3.361553999999999860e+02	3.362442317078592282e+02	9.823920294865458314e-03
3.362803999999999860e+02	3.363692125431281283e+02	2.065752871744252648e-04
3.365765000000000100e+02	3.366653634321359618e+02	1.037942549188593071e-02
3.366166000000000054e+02	3.367055041046223209e+02	5.714927473254791980e-03
3.367885999999999740e+02	3.368775337840608017e+02	2.831524444623235558e-04
3.369562999999999988e+02	3.370452633564387952e+02	1.603969125975767962e-01
3.371986999999999739e+02	3.372877851875823012e+02	7.578158353074025515e-03
3.374216999999999871e+02	3.375108337011359936e+02	9.257751408891720657e-03
3.380568999999999846e+02	3.381461875961041414e+02	6.575442048242677306e-02
3.380878999999999905e+02	3.381771895015256746e+02	4.553659190490146925e-03
3.391043000000000234e+02	3.391937862332429745e+02	8.852016893941205833e-02
3.392982999999999834e+02	3.393878570798706278e+02	2.123863833870653639e-01
3.409574000000000069e+02	3.410473534354457570e+02	1.603599575714720945e-03
3.413475999999999999e+02	3.414375976170717877e+02	7.658975674256718325e-03
3.413935000000000173e+02	3.414835605598447614e+02	2.976231432036818836e-03
3.414764000000000124e+02	3.415664463857226565e+02	7.325439305265374346e-01
3.420736999999999739e+02	3.421638732893535462e+02	9.573623632114519491e-05
3.423706999999999994e+02	3.424609844272733312e+02	5.274860339901259187e-02
3.433555999999999813e+02	3.434461075341143896e+02	7.316429885682938783e-02
3.437277000000000271e+02	3.438183021477378816e+02	4.747212542695591897e-02
3.446259000000000015e+02	3.447166444811288670e+02	6.408098610099213777e-02
3.452889000000000124e+02	3.453797899997519494e+02	5.910593993336729635e-02
3.458460000000000036e+02	3.459370082131356980e+02	1.213476151139212394e-01
3.461652000000000271e+02	3.462563328135993856e+02	2.892551035800563497e-01
3.467500999999999749e+02	3.468413219958886771e+02	1.598321834549993551e-03
3.469485000000000241e+02	3.470398130109832096e+02	1.802042375801940358e-03
3.472542000000000257e+02	3.473456129618278965e+02	1.037602849162822805e-01
3.483777000000000044e+02	3.484693072032883947e+02	2.199234957456115691e-02
3.485883999999999787e+02	3.486801342425420671e+02	6.772382148911489661e-04
3.492955999999999790e+02	3.493874390771439380e+02	4.162315417345414659e-01
3.498192000000000235e+02	3.499111898106644958e+02	3.480806896807714328e-06
3.500851000000000113e+02	3.501771492983210692e+02	6.594908769161511412e-03
3.502594000000000278e+02	3.503514642949630797e+02	3.669728030702272461e-03
3.507692999999999870e+02	3.508614912629284390e+02	1.424877439796962261e-03
3.510335000000000036e+02	3.511257662201947483e+02	5.291464280814487525e-02
3.513928999999999974e+02	3.514852469545324993e+02	1.445770647940637210e-03
3.515052000000000021e+02	3.515975973798686596e+02	1.765681163861333447e-01
3.519764999999999873e+02	3.520690125055904787e+02	8.014095070707612234e-03
3.523070000000000164e+02	3.523995274498488470e+02	5.059861118264995342e-05
3.523441000000000258e+02	3.524367133517711750e+02	8.482574804799579513e-04
3.524535999999999945e+02	3.525462424754518906e+02	1.000000000000000000e+00
3.527977000000000203e+02	3.528903938965834755e+02	3.574548396906962466e-03
3.548183000000000220e+02	3.549114415385407710e+02	4.102199345538168340e-03
3.551532000000000266e+02	3.552463834924046182e+02	2.048974264199350612e-03
3.561750999999999863e+02	3.562685308306998877e+02	3.191957248935018907e-03
3.566372000000000071e+02	3.567307367827160078e+02	5.194249481978746585e-02
3.571863999999999919e+02	3.572800710064358327e+02	2.151312218890430797e-02
3.577235000000000014e+02	3.578173224671684807e+02	2.065724689711668932e-05
3.587928999999999746e+02	3.588870010488567459e+02	2.840875167599489493e-03
3.597703000000000202e+02	3.598645784108777548e+02	5.773047543604489101e-02
3.602278000000000020e+02	3.603222494491838006e+02	4.529774552804098804e-03
3.609313000000000216e+02	3.610258991110898705e+02	1.809500594126582694e-03
3.610461999999999989e+02	3.611408327967168930e+02	7.028651194510755762e-02
3.612740000000000009e+02	3.613686997949433248e+02	5.834955128333453415e-03
3.619390999999999963e+02	3.620338956590003363e+02	8.769920364215003095e-02
3.620027000000000044e+02	3.620975289859664485e+02	2.473687690595689718e-05
3.624730999999999881e+02	3.625680390394243204e+02	6.567191733391288672e-03
3.641634999999999991e+02	3.642588603216519232e+02	6.925974515337926247e-05
3.664091000000000236e+02	3.665050151806444774e+02	8.097785586142694850e-03
3.669238000000000284e+02	3.670198144939992062e+02	6.033725674468718488e-04
3.670425999999999931e+02	3.671385968500682111e+02	5.857548341555843252e-03
3.674062000000000126e+02	3.675023341830767549e+02	7.189511337516958818e-03
3.674144000000000005e+02	3.675104920543157618e+02	3.745059215227887397e-03
3.688414000000000215e+02	3.689377975943586421e+02	1.802885953948137878e-03
3.722488000000000170e+02	3.723460339838637196e+02	7.574593744500150889e-03
3.736809999999999832e+02	3.737785812512948951e+02	1.730324047952231693e-03
3.739225999999999885e+02	3.740202464398184361e+02	2.516243469027530828e-03
3.749044000000000096e+02	3.750022746594023602e+02	2.683400510971096662e-04
3.775570999999999913e+02	3.776555762066408306e+02	5.583315277023622077e-03
3.783530000000000086e+02	3.784516548526682982e+02	1.816374953980449611e-02
3.792339000000000055e+02	3.793327549440944040e+02	1.109196085201596358e-04
3.793607000000000085e+02	3.794596422914453910e+02	1.672333934180065792e-03
3.807139999999999986e+02	3.808132646430791510e+02	3.391314881853655511e-02
3.831691000000000145e+02	3.832689080730294222e+02	5.807695915318003554e-03
3.832871000000000095e+02	3.833869479487474905e+02	5.104913441376783849e-04
3.858297000000000025e+02	3.859301384965776833e+02	2.642708659198528265e-02
3.885869999999999891e+02	3.886880859292113541e+02	6.018527174865055009e-06
3.946191000000000031e+02	3.947216238533351884e+02	1.982823292383517983e-06
3.973555000000000064e+02	3.974586651617971143e+02	3.370603886221383832e-03
4.010009999999999764e+02	4.011050652805834034e+02	5.394637658872257239e-12
4.027663000000000011e+02	4.028708062820369378e+02	1.832493617203303065e-11
4.035948999999999955e+02	4.036996164970902328e+02	2.991609305860141271e-12
4.093616000000000099e+02	4.094676302322765764e+02	2.649431168197372735e-07
4.200453999999999724e+02	4.201540236650761244e+02	7.959921122699294422e-11
4.295881999999999721e+02	4.296991138758941133e+02	9.954201739780500606e-11
4.331641999999999939e+02	4.332759611024680453e+02	1.582050744091186717e-04
4.382873999999999910e+02	4.384003348408627971e+02	8.608794815383029847e-12
4.401541000000000281e+02	4.402675127752341382e+02	1.350503613123243320e-09
4.410518000000000143e+02	4.411654821309539329e+02	6.763179845870696712e-11
4.431032999999999902e+02	4.432174253377665991e+02	1.310531169689062343e-11
4.437570999999999799e+02	4.438713957944069080e+02	2.901046729124228356e-11
4.450090999999999894e+02	4.451236720567312091e+02	4.635057608454996410e-12
4.462454999999999927e+02	4.463603793138142350e+02	1.794719083139035827e-10
4.470477000000000203e+02	4.471628127930783307e+02	8.574975219214887624e-10
4.512989999999999782e+02	4.514151099546554065e+02	1.812658885091789578e-11
4.519982999999999720e+02	4.521145676186047808e+02	2.155511083106676282e-05
4.523142000000000280e+02	4.524306054141628692e+02	2.135588203556643307e-05
4.523142000000000280e+02	4.524306054141628692e+02	1.468216889945192299e-08
4.551224000000000274e+02	4.552394462835546847e+02	2.794194559314529763e-11
4.553168000000000006e+02	4.554338654993650266e+02	1.602880444679166127e-10
4.565443999999999960e+02	4.566617617382642038e+02	5.223383998259987699e-08
4.567409999999999854e+02	4.568583998451847492e+02	5.693655778548149818e-12
4.600359000000000265e+02	4.601541147433106858e+02	2.268093160645024416e-10
4.604986999999999853e+02	4.606170772400228657e+02	1.007703467081959600e-09
4.606220999999999890e+02	4.607404676721141072e+02	9.136481094885901589e-11
4.633032999999999788e+02	4.634223299760504915e+02	2.577620188508380204e-12
4.648652000000000157e+02	4.649845838140688556e+02	8.547932877689002000e-10
4.666985999999999990e+02	4.668184210635680529e+02	5.019518501020977180e-11
4.675593000000000075e+02	4.676793694044355902e+02	2.463135270847986668e-11
4.686213000000000193e+02	4.687416063805172257e+02	1.407432997488064851e-10
4.698389999999999986e+02	4.699595938557650356e+02	3.319350739892298429e-11
4.701351999999999975e+02	4.702558307812233238e+02	3.965503059905161406e-11
4.701530000000000200e+02	4.702736336816739140e+02	1.413239428065869662e-10
4.710659999999999741e+02	4.711869025858622990e+02	5.126444827667984408e-06
4.714417000000000257e+02	4.715627082969319872e+02	1.526325543659455949e-09
4.715761999999999716e+02	4.716971732472346162e+02	8.556805769123382443e-10
4.729275999999999840e+02	4.730488944643477112e+02	1.436083549258641179e-11
4.731798000000000002e+02	4.733011847481494669e+02	6.601022144473280814e-11
4.732456999999999994e+02	4.733670779679957263e+02	9.326597581296450674e-11
4.740165000000000077e+02	4.741380518501217125e+02	1.098184688936837555e-11
4.752420000000000186e+02	4.753638759867932322e+02	4.006472173498791463e-10
4.756514999999999986e+02	4.757735165102509427e+02	5.221309186086731095e-10
4.758419999999999845e+02	4.759640568751476621e+02	3.594621514415703800e-12
4.762626999999999953e+02	4.763848091660936461e+02	5.652775698920270176e-05
4.773410999999999831e+02	4.774635004505730649e+02	8.954378982244582578e-12
4.786281000000000176e+02	4.787508354783744835e+02	2.498400115368012791e-05
4.786535000000000082e+02	4.787762559590753426e+02	5.882591551283095195e-10
4.790964999999999918e+02	4.792192896372939117e+02	5.874765308043742478e-06
4.793426000000000045e+02	4.794654929468073306e+02	5.190691091064032666e-12
4.806992999999999938e+02	4.808225160174388293e+02	2.820868554212738374e-10
4.808874000000000137e+02	4.810106672749308814e+02	1.845988430999271778e-11
4.811983000000000175e+02	4.813216301186954524e+02	3.755894158385146643e-10
4.813254000000000019e+02	4.814487610765552859e+02	2.383159083755535437e-10
4.813254000000000019e+02	4.814487610765552859e+02	1.003435403686541244e-05
4.814597999999999729e+02	4.815831952470963984e+02	3.603894586142226209e-11
4.815932999999999993e+02	4.817167066698589224e+02	2.573471385113892119e-11
4.817817999999999756e+02	4.819052566195600207e+02	3.654755693792269704e-11
4.821118999999999915e+02	4.822354697909651691e+02	4.429877358818030751e-11
4.829023000000000252e+02	4.830260603336998315e+02	7.783600087230326208e-10
4.831175999999999817e+02	4.832413702477043671e+02	6.681913166916491941e-10
4.838643000000000143e+02	4.839882934463169022e+02	1.143693883735007367e-10
4.843158000000000243e+02	4.844399035617954610e+02	3.204121184260330126e-05
4.843509999999999991e+02	4.844750857667023638e+02	2.285089439172727935e-11
4.845169000000000210e+02	4.846409968099504795e+02	6.134011974999163894e-12
4.852554000000000087e+02	4.853797456828154395e+02	2.743028048385749369e-10
4.855410999999999717e+02	4.856654832899075700e+02	2.673416560122149386e-09
4.900971000000000117e+02	4.902225677134674697e+02	1.595899350255267254e-11
4.904411999999999807e+02	4.905667605360404195e+02	3.613866376471270312e-09
4.912017999999999915e+02	4.913275620076180985e+02	1.225493416512596207e-10
4.913972999999999729e+02	4.915231081579678971e+02	4.262231664797097298e-10
4.918364000000000260e+02	4.919623193791343851e+02	2.330037932810859843e-10
4.925563000000000216e+02	4.926824263403285613e+02	2.416739787887720445e-10
4.935831000000000017e+02	4.937093932911823799e+02	1.808045463865666121e-10
4.937348000000000070e+02	4.938611527969504778e+02	2.265577187442267581e-10
4.945445000000000277e+02	4.946710220892344410e+02	8.551219267512052653e-11
4.946032000000000153e+02	4.947297582843100940e+02	1.440311288345346077e-11
4.953208000000000197e+02	4.954475628102389919e+02	1.141344490983597111e-10
4.967524000000000228e+02	4.968794887672614209e+02	1.938880412505183520e-11
4.976134999999999877e+02	4.977407660632176771e+02	2.647877036640559393e-11
4.976326000000000249e+02	4.977598684455185207e+02	2.953536131951812257e-05
4.976696999999999775e+02	4.977970120341527149e+02	8.087041506803359699e-12
4.980172999999999774e+02	4.981446809474066981e+02	5.841163756991053717e-10
4.995649999999999977e+02	4.996928207524131835e+02	1.455438891249970185e-11
4.996843999999999824e+02	4.998122552111800587e+02	1.493513766151882313e-10
4.998224000000000160e+02	4.999502678350934275e+02	1.623146391572509657e-10
5.000342999999999734e+02	5.001621703785188515e+02	2.506875429408273498e-10
5.003740999999999985e+02	5.005020542737277651e+02	1.048936717803627695e-04
5.010937999999999874e+02	5.012219714344265640e+02	2.013434711676005891e-10
5.012443000000000097e+02	5.013724526961971151e+02	4.427689613557141600e-10
5.017576000000000249e+02	5.018859192296569063e+02	6.235248667627188801e-10
5.027318000000000211e+02	5.028603753593001215e+02	1.801330283207547456e-08
5.032726999999999862e+02	5.034014000224715915e+02	1.980079248394801487e-11
5.035362000000000080e+02	5.036649668324193385e+02	1.147336433062773643e-09
5.039356999999999971e+02	5.040645826949503316e+02	1.672031895174924896e-10
5.042187000000000126e+02	5.043475657030354569e+02	3.700208618082473579e-10
5.048847000000000094e+02	5.050137809238132718e+02	1.128784809370981336e-10
5.079957999999999743e+02	5.081256654789252138e+02	4.771555105519699041e-05
5.080532999999999788e+02	5.081830951319243468e+02	9.643419125152314876e-10
5.081109999999999900e+02	5.082408994085405993e+02	3.309647191471826282e-10
5.082343999999999937e+02	5.083643005103835435e+02	8.184400532192205091e-10
5.084101999999999748e+02	5.085401523779551098e+02	5.683801833800165591e-10
5.085477999999999952e+02	5.086777490859656154e+02	7.612638334915302614e-11
5.088962000000000216e+02	5.090262774010403746e+02	2.991054165883566304e-11
5.094411000000000058e+02	5.095712582518358431e+02	1.326819162694343827e-10
5.099936999999999898e+02	5.101240171243718464e+02	1.124914986769279332e-09
5.102966000000000122e+02	5.104269775081054377e+02	1.115647626722623579e-04
5.115391999999999939e+02	5.116699149493093159e+02	7.988727083290865067e-10
5.129378000000000384e+02	5.130687951311202823e+02	5.327637430335754417e-10
5.137074000000000069e+02	5.138385994948225743e+02	2.862581258006205269e-04
5.155126000000000204e+02	5.156442500678132319e+02	1.087198704321603718e-10
5.155764000000000351e+02	5.157080728032976822e+02	2.003495960248646463e-10
5.157980000000000018e+02	5.159297667525805764e+02	1.789329080619022756e-11
5.176559999999999491e+02	5.177882122994628844e+02	1.051540161473469088e-10
5.179121999999999844e+02	5.180444116715925702e+02	2.169611074870586519e-11
5.187820000000000391e+02	5.189144432342230857e+02	2.677707242622227821e-11
5.197160000000000082e+02	5.198487143225063392e+02	2.455356524623869347e-11
5.220290999999999713e+02	5.221622970666115862e+02	2.915808314996666669e-11
5.262826999999999771e+02	5.264170227421943764e+02	2.466459270149463334e-12
5.265711999999999762e+02	5.267055254855054045e+02	1.099164373990949467e-11
5.347708000000000084e+02	5.349071529875571969e+02	5.022944831126835072e-12
5.348283999999999878e+02	5.349647290014837608e+02	2.483402065168151615e-05
5.353391000000000304e+02	5.354756146149775304e+02	3.622274549484210039e-05
5.371330000000000382e+02	5.372699521061410906e+02	7.492890831697918735e-11
5.388343999999999596e+02	5.389716979840150088e+02	1.291005927425333372e-05
5.392331000000000358e+02	5.393705260300899909e+02	1.517067712147001006e-11
5.424645000000000437e+02	5.426027226813457673e+02	7.595556541278721495e-05
5.435857999999999493e+02	5.437242615121239169e+02	5.648260330307448900e-05
5.452861000000000331e+02	5.454249881345818949e+02	8.388097520319442244e-11
5.453229999999999791e+02	5.454618800483303858e+02	9.136978240432377386e-12
5.462492999999999483e+02	5.463884596592099570e+02	4.948789289479532500e-11
5.468103999999999587e+02	5.469496774295322439e+02	1.277211414189422995e-11
5.475430000000000064e+02	5.476824052408389889e+02	1.792854864045450416e-11
5.476903999999999542e+02	5.478298467251937609e+02	2.965951282389752298e-03
5.494880000000000564e+02	5.496279526593698392e+02	1.994898780296655416e-11
5.499406000000000176e+02	5.500806563896338730e+02	1.726102551669435606e-12
5.504094000000000051e+02	5.505495647480331627e+02	1.323563154803952490e-11
5.514792999999999665e+02	5.516197465033717435e+02	1.858239666866092093e-11
5.537105999999999995e+02	5.538515273978746336e+02	4.485246513488793553e-12
5.553690000000000282e+02	5.555104009406223895e+02	1.538655967305936677e-05
5.578718000000000075e+02	5.580138154481996935e+02	5.811074365048897065e-05
5.587857999999999947e+02	5.589279848653654881e+02	3.444060152694804048e-04
5.589357999999999720e+02	5.590780433341695925e+02	7.391240961357793859e-11
5.592261999999999489e+02	5.593684830067796838e+02	6.723391547443953995e-05
5.593736000000000104e+02	5.595158979109702386e+02	7.042969448385681823e-11
5.625317000000000007e+02	5.626748042288346596e+02	4.515723438534040988e-11
5.637119000000000142e+02	5.638552875181982245e+02	8.212215673581366758e-11
5.638746999999999616e+02	5.640181198861033636e+02	3.835943546090587168e-11
5.641880999999999631e+02	5.643316141782230488e+02	1.578338067624675841e-11
5.642604000000000042e+02	5.644039815565768095e+02	1.614354615134134971e-11
5.643078000000000429e+02	5.644513552909952523e+02	1.501030085207228701e-11
5.663985000000000127e+02	5.665425143530122796e+02	4.885197818261081790e-11
5.682199000000000524e+02	5.683643828031111980e+02	4.049899104902547772e-11
5.694982999999999720e+02	5.696431542037868212e+02	2.841870929663342905e-10
5.709545000000000528e+02	5.710996590747631672e+02	1.684686293563086726e-04
5.711888000000000147e+02	5.713340376603890718e+02	1.812207311104702904e-04
5.748351000000000113e+02	5.749811994506839028e+02	3.522542210468710257e-05
5.749297000000000253e+02	5.750758359042074517e+02	4.054715520791682036e-12
5.754655999999999949e+02	5.756118366501575565e+02	9.211239519790383613e-05
5.760829999999999700e+02	5.762294142780733637e+02	1.128541169455785678e-10
5.805217000000000098e+02	5.806691729012483165e+02	3.988218918054957094e-11
5.846993999999999687e+02	5.848478825595071839e+02	2.824013414778999071e-05
5.892871999999999844e+02	5.894368048867439711e+02	8.414859041483799967e-05
5.996730000000000018e+02	5.998252117303450177e+02	2.718890283253860201e-11
6.007309999999999945e+02	6.008834441664845372e+02	1.306990714905672368e-05
6.025753999999999451e+02	6.027283057120008607e+02	3.211913974567507794e-12
6.039298000000000002e+02	6.040830363276523940e+02	3.972039276142811905e-12
6.053685000000000400e+02	6.055221069321466985e+02	2.016305698199489713e-11
6.086281999999999925e+02	6.087825419044223736e+02	9.208670123996851182e-11
6.105761999999999716e+02	6.107310920332978412e+02	9.043494399068453656e-12
6.108115999999999985e+02	6.109665091442780067e+02	1.068229854036344785e-04
6.111069999999999709e+02	6.112620353902381112e+02	4.118497661742406576e-11
6.119756999999999607e+02	6.121308837661138114e+02	1.770558675289525132e-11
6.128972999999999729e+02	6.130527522544058456e+02	4.077419288598200717e-05
6.130135000000000218e+02	6.131689471547465473e+02	4.462400264795718580e-11
6.133962999999999965e+02	6.135518258872953083e+02	1.193295346594136007e-11
6.175366999999999962e+02	6.176932243728485901e+02	4.580342933162275653e-10
6.176811000000000149e+02	6.178377525909369297e+02	1.164996697311477816e-10
6.177241999999999962e+02	6.178807768208387188e+02	1.594688813016250463e-05
6.186711000000000240e+02	6.188279474134179736e+02	8.633588019407168943e-11
6.198624999999999545e+02	6.200196253661973742e+02	7.064976246028251403e-12
6.204604000000000497e+02	6.206176878408485891e+02	3.735874708149707281e-11
6.223984000000000378e+02	6.225561478228203214e+02	3.256935382807902609e-11
6.230089000000000397e+02	6.231668052295991629e+02	6.945096854811821100e-11
6.256354999999999791e+02	6.257940826175337179e+02	4.505451802814623968e-04
6.271767999999999574e+02	6.273357525305483477e+02	1.061059125162000560e-11
6.272627999999999702e+02	6.274217963860285181e+02	4.431243414035938243e-12
6.314659000000000333e+02	6.316258394777057674e+02	2.986003250569555759e-04
6.316574000000000524e+02	6.318174784104915034e+02	8.861061649409568690e-12
6.322165999999999713e+02	6.323767368509759308e+02	2.265998699961485508e-11
6.327599000000000160e+02	6.329201607028227272e+02	3.970167994796920381e-05
6.364571999999999434e+02	6.366183653636561530e+02	1.819131902204330792e-06
6.370345999999999549e+02	6.371959441290200630e+02	3.992763212622553310e-11
6.375214999999999463e+02	6.376829813652334451e+02	6.206155385101260684e-12
6.378250000000000455e+02	6.379865673160705910e+02	3.654887166798040447e-11
6.384661999999999580e+02	6.386278864612469306e+02	8.560366921727567239e-11
6.404443999999999733e+02	6.406065480738043334e+02	1.464391375432511197e-04
6.414587000000000216e+02	6.416211499150849704e+02	2.839242124773658688e-11
6.421512999999999920e+02	6.423139434050867749e+02	1.764353682423043642e-11
6.437696999999999434e+02	6.439326730129797625e+02	3.086396013966504533e-04
6.482798000000000229e+02	6.484439501118841918e+02	3.931917299097114450e-05
6.489582000000000335e+02	6.491224460130584930e+02	3.341978491774607696e-04
6.532872999999999593e+02	6.534526513776496586e+02	1.759192223919251615e-05
6.586309999999999718e+02	6.587976480385945024e+02	6.564220749986008740e-05
6.598597999999999502e+02	6.600267502374890682e+02	3.120914403347632082e-11
6.604290999999999485e+02	6.605961940064427154e+02	2.495665351250420452e-04
6.635122000000000071e+02	6.636800998948367578e+02	1.111623370155533048e-11
6.643630000000000564e+02	6.645310987034023356e+02	7.957782032247729710e-04
6.661323999999999614e+02	6.663008777192012531e+02	3.247094126997420580e-11
6.730252000000000407e+02	6.731953507251046176e+02	3.850741999931424689e-05
6.767771999999999935e+02	6.769483248194223961e+02	7.233935322096202505e-04
6.772314999999999827e+02	6.774027290350401245e+02	2.965085864654210720e-10
6.786979999999999791e+02	6.788696043762162162e+02	7.772928963436254190e-05
6.842037000000000262e+02	6.843766187720085554e+02	1.524963192394142884e-10
6.850390999999999622e+02	6.852122011444944292e+02	2.247324105012439645e-11
6.914559000000000424e+02	6.916306109529567721e+02	1.678975580140055492e-04
6.941644000000000005e+02	6.943397762945509157e+02	7.778077161989814840e-05
6.973509999999999991e+02	6.975271657071091340e+02	3.264481355547547577e-13
7.001540999999999713e+02	7.003309266937939128e+02	4.301170994857055914e-06
7.002007999999999583e+02	7.003776720595074039e+02	6.278523503297398596e-04
7.002007999999999583e+02	7.003776720595074039e+02	2.343982107897695514e-05
7.030010999999999513e+02	7.031786790166399896e+02	3.120216197538782283e-11
7.034371999999999616e+02	7.036148261841539124e+02	1.621506681835962798e-11
7.062956000000000358e+02	7.064739295760992945e+02	6.040342281109855050e-06
7.110883999999999787e+02	7.112679171338443211e+02	8.445172088030025899e-05
7.122196999999999889e+02	7.123995212571825277e+02	3.383041349721248767e-09
7.130236999999999625e+02	7.132037384160965985e+02	1.605338208341625518e-04
7.193940999999999804e+02	7.195756737208967024e+02	3.788829247843476198e-05
7.197010000000000218e+02	7.198827054114539123e+02	1.855226626630979549e-04
7.218736000000000104e+02	7.220558128002801368e+02	1.976211374190368268e-04
7.220753999999999451e+02	7.222576419742670168e+02	7.314272864206251188e-13
7.243984000000000378e+02	7.245811954657111755e+02	3.712303293548532265e-05
7.261917999999999438e+02	7.263750857458870769e+02	1.716068208720452606e-04
7.286531999999999698e+02	7.288370538273641159e+02	2.237402439359399278e-11
7.291449000000000069e+02	7.293288662955015980e+02	6.080044306504758935e-05
7.327648000000000366e+02	7.329496947238188795e+02	3.836525452426245106e-11
7.381930999999999585e+02	7.383793586296089870e+02	1.875868703729626741e-12
7.385238000000000511e+02	7.387100715782754605e+02	4.109116994430127008e-05
7.393676000000000386e+02	7.395541495097039615e+02	2.156638979731852763e-05
7.395806999999999789e+02	7.397673038215996257e+02	2.628159149982734350e-05
7.395806999999999789e+02	7.397673038215996257e+02	6.424389033291129654e-06
7.401117000000000417e+02	7.402983709068573717e+02	1.638668281690114553e-12
7.414501999999999953e+02	7.416372734772638751e+02	2.200986283220296652e-04
7.422274999999999636e+02	7.424147421452618119e+02	1.063913438961380567e-09
7.464366999999999734e+02	7.466250110548298835e+02	1.531301227023489520e-04
7.464366999999999734e+02	7.466250110548298835e+02	1.570565361049732766e-06
7.481473999999999478e+02	7.483360385667349419e+02	1.099128741921891128e-12
7.488696999999999662e+02	7.490585449867709258e+02	1.072576914038385106e-11
7.507380000000000564e+02	7.509272875885803842e+02	5.309939233853330564e-05
7.714307999999999765e+02	7.716252231927971934e+02	6.396430866054144239e-04
7.727623999999999569e+02	7.729572088556814151e+02	1.633235696777793106e-09
7.788930000000000291e+02	7.790892796864892489e+02	3.801089957219637439e-04
7.908259000000000469e+02	7.910250966287696883e+02	6.120939129061018645e-05
7.929687999999999874e+02	7.931685255512538788e+02	1.203361267189903120e-08
7.989945000000000164e+02	7.991956932592344174e+02	4.726227476104742393e-07
8.111975999999999658e+02	8.114018460802042227e+02	1.251313558080441914e-06
8.194530999999999494e+02	8.196593859945479608e+02	8.583736611274936823e-05
8.201740999999999531e+02	8.203805194171411586e+02	1.353968839535351493e-03
8.201740999999999531e+02	8.203805194171411586e+02	2.638503379607351737e-06
8.466322000000000116e+02	8.468451982604200339e+02	1.513449332254265528e-06
8.832353000000000520e+02	8.834573704545914552e+02	7.363280516360298312e-04
8.843374000000000024e+02	8.845597387383946852e+02	5.473702062146713551e-04
8.843374000000000024e+02	8.845597387383946852e+02	6.439649484878485263e-07
9.887106999999999744e+02	9.889588376705708015e+02	3.455910063554179604e-05
1.165049400000000105e+03	1.165341325989949610e+03	1.062307431264219910e-08
3.119978999999999814e+03	3.119906488248783262e+03	1.364686220780976338e-02
3.952380000000000109e+03	3.952288558851765174e+03	8.562938510727416278e-04
4.519458999999999833e+03	4.519354711947998112e+03	3.011399707749728912e-05
4.788131999999999607e+03	4.788021376526080530e+03	4.408338890150031601e-05
5.893270000000000437e+03	5.893136270625327597e+03	1.018886909611182480e-03
7.506579999999999927e+03	7.506409331591746195e+03	4.820091802303715089e-03
8.281620000000000800e+03	8.281429607302554359e+03	7.348317854788294054e-08
1.130728000000000065e+04	1.130701784154270354e+04	8.862560832427091462e-04
1.200089999999999964e+04	1.200061958331753704e+04	9.670209147996184024e-04
1.481418000000000029e+04	1.481383508087887640e+04	1.187483229937863049e-03
3.529759999999999854e+04	3.529682949757532333e+04	2.949948028313534329e-08
8.054319999999999709e+04	8.054131688757380471e+04	8.582929313375144103e-10
