1.963870000000000005e+02	1.963824200434621616e+02	1.392632665620507779e-06
1.968918999999999926e+02	1.968872910268248404e+02	2.392219421300798731e-08
1.976889999999999930e+02	1.976843720479718911e+02	5.824069238076068926e-07
1.977165999999999997e+02	1.977120523910047609e+02	9.034201373252584054e-16
1.981621000000000095e+02	1.981575298269283110e+02	7.299785035184042475e-06
1.990253999999999905e+02	1.990207767939140808e+02	1.036874456183236118e-05
1.994300000000000068e+02	1.994258055156589933e+02	2.599505665445496600e-05
2.000497000000000014e+02	2.001098965143827684e+02	1.002163841360595235e-05
2.001829999999999927e+02	2.002436156362606141e+02	3.315594795707366122e-05
2.006992999999999938e+02	2.007595649305022789e+02	2.290694678077887547e-05
2.007684999999999889e+02	2.008288132242448967e+02	1.114199573275740033e-06
2.014241000000000099e+02	2.014844972384013317e+02	5.135924268727834843e-05
2.025389000000000124e+02	2.025994780067717329e+02	3.071029903035566892e-05
2.026588000000000136e+02	2.027193460124502451e+02	9.897421152540997191e-05
2.029269999999999925e+02	2.029874658183634608e+02	1.030518711580522338e-05
2.030186999999999955e+02	2.030793282957104111e+02	1.801474097307119777e-17
2.033546000000000049e+02	2.034152850969034034e+02	4.151808903162338526e-06
2.041143999999999892e+02	2.041752328153992835e+02	4.239761727559013177e-06
2.047342999999999904e+02	2.047951956721222757e+02	9.841018308266961804e-05
2.050831000000000017e+02	2.051440504807731031e+02	1.051888918328976619e-05
2.052074000000000069e+02	2.052683566366334276e+02	1.556508651205269897e-04
2.052434000000000083e+02	2.053044272402540003e+02	4.387845714098539753e-06
2.053909999999999911e+02	2.054519685581880424e+02	6.727947252701867045e-06
2.055489000000000033e+02	2.056099609315693328e+02	5.960508696610824738e-05
2.059901000000000124e+02	2.060511979612201117e+02	1.543676717254959538e-04
2.060194999999999936e+02	2.060806383539089950e+02	4.752475856407977977e-06
2.062347000000000037e+02	2.062958938968109237e+02	6.032006197946055700e-06
2.063394999999999868e+02	2.064007060556023987e+02	2.025185602151393686e-05
2.064372999999999934e+02	2.064985373227308116e+02	1.722401424737975346e-04
2.069505000000000052e+02	2.070117301114479176e+02	9.673792352729336855e-05
2.080619000000000085e+02	2.081233612545739504e+02	8.478867332016982585e-15
2.082845000000000084e+02	2.083459721875555886e+02	3.410670950059832297e-05
2.085352000000000032e+02	2.085967221229853124e+02	2.679051447264962129e-05
2.085554999999999950e+02	2.086170493065426399e+02	1.386758537375479652e-04
2.088960999999999899e+02	2.089576686840587172e+02	3.044410275615732776e-05
2.089070000000000107e+02	2.089685853341233326e+02	8.450643142544215830e-05
2.095123000000000104e+02	2.095740524714454125e+02	1.304973444379026721e-06
2.105834999999999866e+02	2.106453812330667574e+02	2.592795980301623059e-05
2.109773999999999887e+02	2.110393859019001468e+02	2.341151694266761703e-05
2.111715000000000089e+02	2.112334721727901581e+02	5.671295024620311674e-05
2.114410000000000025e+02	2.115030252573160112e+02	1.240651148267308252e-05
2.121390000000000100e+02	2.122011908457295419e+02	4.065728048740918643e-04
2.124806000000000097e+02	2.125428090969704442e+02	5.076359776147355439e-05
2.125626000000000033e+02	2.126248478221583582e+02	1.126530563067797348e-05
2.128410000000000082e+02	2.129033191462044385e+02	4.788556608001629016e-05
2.129953999999999894e+02	2.130577214612814316e+02	8.695766678194367916e-05
2.147784000000000049e+02	2.148410128022770209e+02	2.465897680411719469e-03
2.151921000000000106e+02	2.152547813728270967e+02	2.739862653638770333e-05
2.152222999999999900e+02	2.152850474699585845e+02	4.579986759676830612e-05
2.157828000000000088e+02	2.158456312427772446e+02	2.405616284315701368e-03
2.158306000000000040e+02	2.158934156317360475e+02	3.727059002850349311e-03
2.161038000000000068e+02	2.161667061103072456e+02	2.652836067608751059e-04
2.166153999999999940e+02	2.166783599306532153e+02	1.430590096646458404e-05
2.173540999999999883e+02	2.174172300235754562e+02	2.937829414771343176e-06
2.174484999999999957e+02	2.175115725539840525e+02	6.497302622475565172e-04
2.182381000000000029e+02	2.183013625575755441e+02	2.626895351761072929e-04
2.183905000000000030e+02	2.184538366267487390e+02	1.000047435492507753e-04
2.190228999999999928e+02	2.190863292617514730e+02	1.596844219389344189e-03
2.191192000000000064e+02	2.191826642662668974e+02	2.349843444580144107e-05
2.197353999999999985e+02	2.197989812786844084e+02	4.494223730583463833e-03
2.200682999999999936e+02	2.201319343069390015e+02	1.643185783249876113e-04
2.201560000000000059e+02	2.202196319078021816e+02	2.405828336976364068e-04
2.212154999999999916e+02	2.212793304430319949e+02	3.056635970509635368e-04
2.221946000000000083e+02	2.222585661116553695e+02	1.253573878103263076e-03
2.230962000000000103e+02	2.231604016795214989e+02	2.717332504838982938e-04
2.244527999999999963e+02	2.245171866233374658e+02	8.766366819475393188e-04
2.251490000000000009e+02	2.252135491883439329e+02	2.493554179981749528e-05
2.253572000000000060e+02	2.254218197780803052e+02	4.961817131429105269e-05
2.254799999999999898e+02	2.255446076856238449e+02	4.525200742331350308e-05
2.258151000000000010e+02	2.258797787738786838e+02	1.856608137691862133e-04
2.259567000000000121e+02	2.260214304656098534e+02	9.261095631329218237e-05
2.261431000000000040e+02	2.262078877579898517e+02	1.608809021757528395e-03
2.266353000000000009e+02	2.267001078417131907e+02	7.030879712980638149e-05
2.267560000000000002e+02	2.268208300929847780e+02	1.826807078390955573e-04
2.271956999999999880e+02	2.272606844271049056e+02	8.798660067092322181e-04
2.274665999999999997e+02	2.275315785496592866e+02	3.208595693445337840e-05
2.287324999999999875e+02	2.287977172599773894e+02	4.074801451390757203e-04
2.288397999999999968e+02	2.289050633579394685e+02	2.083112496553295837e-05
2.289984000000000037e+02	2.290636636459933868e+02	1.143046219061759697e-02
2.293119000000000085e+02	2.293772993929317181e+02	4.086785496266701241e-04
2.300777999999999963e+02	2.301432737403543456e+02	4.063157676887307022e-03
2.302944999999999993e+02	2.303600657520588584e+02	2.044500929332430060e-04
2.307358000000000118e+02	2.308014347967626634e+02	2.772377231570846614e-03
2.312343999999999937e+02	2.313001100068132700e+02	1.399812782137687360e-03
2.313983000000000061e+02	2.314640407607109580e+02	1.118850623023833965e-02
2.317164999999999964e+02	2.317822902129997829e+02	4.044380696516572046e-03
2.320033999999999992e+02	2.320693017882557569e+02	6.976046936917500163e-02
2.321382999999999868e+02	2.322042337620422927e+02	3.385877376205225636e-03
2.324654999999999916e+02	2.325314659758257108e+02	8.229810602013789026e-05
2.325800999999999874e+02	2.326461337925545365e+02	1.042571294886075924e-02
2.329970999999999890e+02	2.330631427389042187e+02	2.380040041009213753e-03
2.345543000000000120e+02	2.346207195639451015e+02	2.047995430004798112e-02
2.346630999999999858e+02	2.347294900780499631e+02	3.274673505846456383e-05
2.347513999999999896e+02	2.348178583873337857e+02	2.035128847290436794e-03
2.348736000000000104e+02	2.349400365286322483e+02	2.136938271106274267e-04
2.419312999999999931e+02	2.419991773485502335e+02	1.043842766361538531e-04
2.476876000000000033e+02	2.477566608706927127e+02	4.559798018143617791e-04
2.540021999999999878e+02	2.540726058973901331e+02	2.335295455514108633e-05
2.553378999999999905e+02	2.554085620453516583e+02	8.652110397371081969e-05
2.561424000000000092e+02	2.562132389424601229e+02	6.274769170890276242e-05
2.635240000000000009e+02	2.635964215959374428e+02	7.674200863215630340e-16
2.696487999999999943e+02	2.697225577792306694e+02	1.911688026653984992e-04
2.746741999999999848e+02	2.747490708268574622e+02	1.057961222403001455e-03
2.788779999999999859e+02	2.789537485867341502e+02	2.237229899817335498e-16
2.798473000000000184e+02	2.799232589625481182e+02	4.074569244419973946e-16
2.798650999999999840e+02	2.799410788986187413e+02	3.542569850820743039e-03
2.805079000000000065e+02	2.805840245113385549e+02	3.648551728941413618e-04
2.821290999999999940e+02	2.822056144361276893e+02	2.019906219139928124e-03
2.834547000000000025e+02	2.835315443612416857e+02	3.980151587042202741e-04
2.865498000000000047e+02	2.866272965630122371e+02	1.073771859958184147e-03
2.907456999999999994e+02	2.908241679905218575e+02	1.175862558969851266e-03
2.914006999999999721e+02	2.914793051838226461e+02	2.314840350318467081e-04
2.943912000000000262e+02	2.944704581660298004e+02	1.066061933785142531e-02
2.981646000000000072e+02	2.982446873653848343e+02	2.674972205205424294e-02
2.984130999999999858e+02	2.984932214741054963e+02	5.071673890203201585e-03
2.991118000000000166e+02	2.991920633998660151e+02	4.665862681730980076e-05
2.992592000000000212e+02	2.993395632172536125e+02	1.327910572589506219e-02
2.994452999999999747e+02	2.995257014675747200e+02	2.253280433534908186e-02
3.002484999999999786e+02	3.003291016726341809e+02	6.109904583446356535e-02
3.003620999999999981e+02	3.004426789198818710e+02	6.554188807798977390e-02
3.012001000000000204e+02	3.012808372092681566e+02	7.377834408862644910e-02
3.019143000000000256e+02	3.019952710313500006e+02	1.172956340579097041e-02
3.031866999999999734e+02	3.032679541461143344e+02	7.099034715857312390e-03
3.037932999999999879e+02	3.038746182087223247e+02	5.099946506071621755e-02
3.045006999999999948e+02	3.045821882547518840e+02	2.623523821112512186e-03
3.050815999999999804e+02	3.051632244772756621e+02	2.489980553515732664e-01
3.054313000000000216e+02	3.055129899132117544e+02	9.637613381893121722e-02
3.057638999999999783e+02	3.058456994960459951e+02	9.316045060433437996e-02
3.064619000000000142e+02	3.065438350003855135e+02	8.230798257346341393e-03
3.080751999999999953e+02	3.081575881946833988e+02	8.057083587575182559e-03
3.097117000000000075e+02	3.097943915385814080e+02	7.841146684024198621e-03
3.099110000000000014e+02	3.099937634260817276e+02	5.255286834994297301e-03
3.101557000000000244e+02	3.102385076093212888e+02	1.123949665713396967e-01
3.101877999999999815e+02	3.102705911058745869e+02	1.837199180380025970e-02
3.105459999999999923e+02	3.106289366198404309e+02	6.512539906376198402e-03
3.107714000000000283e+02	3.108543813301315595e+02	9.592420698319402406e-05
3.114123999999999910e+02	3.114955447258341223e+02	8.047227737089646810e-03
3.129304999999999950e+02	3.130139857517297628e+02	4.832185635418023554e-04
3.134103999999999814e+02	3.134939506902900348e+02	1.714087092921448008e-01
3.145111999999999739e+02	3.145950203365410403e+02	3.159376826503386627e-05
3.145704999999999814e+02	3.146543357323320151e+02	1.407207957093178962e-03
3.159520999999999731e+02	3.160361961106480067e+02	1.202157385685245896e-04
3.165507000000000062e+02	3.166349875776651857e+02	6.427521399821235640e-05
3.184366999999999734e+02	3.185213729866781023e+02	1.640812512161904206e-03
3.195570999999999913e+02	3.196420322905575517e+02	4.162037303837298687e-04
3.197114000000000260e+02	3.197963783951237247e+02	3.919174444809477541e-03
3.200421999999999798e+02	3.201273150482592769e+02	4.003979580409553060e-04
3.221650999999999954e+02	3.222507117333103110e+02	2.347476573301400526e-03
3.225018999999999778e+02	3.225875515098958886e+02	8.214276227892553309e-03
3.226983000000000175e+02	3.227840316204816986e+02	5.230834006768667185e-04
3.232934000000000196e+02	3.233791773007712322e+02	9.364075021778194008e-02
3.234648000000000252e+02	3.235506481681977675e+02	2.925645483096750692e-03
3.235754000000000019e+02	3.236612568501445253e+02	1.094438276080514962e-04
3.243054999999999950e+02	3.243915103350638560e+02	6.995953707995794871e-03
3.248457999999999970e+02	3.249319456774824744e+02	1.061843691049921962e-03
3.249434999999999718e+02	3.250296606452633910e+02	5.451688087712803707e-04
3.250742999999999938e+02	3.251605356653146828e+02	1.930884665525302085e-03
3.271114000000000033e+02	3.271980728899214910e+02	1.203217857662259053e-03
3.282694999999999936e+02	3.283565028411240974e+02	8.648476434995336836e-04
3.286945000000000050e+02	3.287815524027497531e+02	1.273437435970438880e-03
3.310201000000000136e+02	3.311077064624611808e+02	2.667786967015428785e-04
3.315663000000000125e+02	3.316540288344899068e+02	7.555544394532610550e-03
3.320258999999999787e+02	3.321137153426105328e+02	6.754074142072010942e-03
3.322309999999999945e+02	3.323188494060771632e+02	4.003269945852606579e-03
3.337008999999999901e+02	3.337891646258798346e+02	2.640270838534204619e-05
3.351053999999999746e+02	3.351939918440245378e+02	1.359221790851625157e-05
3.361553999999999860e+02	3.362442317078592282e+02	1.271667556218190887e-02
3.362803999999999860e+02	3.363692125431281283e+02	2.857982801607221804e-04
3.365765000000000100e+02	3.366653634321359618e+02	8.877636069007776437e-03
3.366166000000000054e+02	3.367055041046223209e+02	5.616748072884144433e-03
3.367885999999999740e+02	3.368775337840608017e+02	9.955775553498629783e-04
3.369562999999999988e+02	3.370452633564387952e+02	1.345809010236487246e-01
3.371986999999999739e+02	3.372877851875823012e+02	5.658846044108249533e-03
3.374216999999999871e+02	3.375108337011359936e+02	7.231561167567492933e-03
3.380568999999999846e+02	3.381461875961041414e+02	1.661533090023894488e-01
3.380878999999999905e+02	3.381771895015256746e+02	5.318305288854740208e-03
3.391043000000000234e+02	3.391937862332429745e+02	5.504174485076102075e-02
3.392982999999999834e+02	3.393878570798706278e+02	1.782026248416528624e-01
3.409574000000000069e+02	3.410473534354457570e+02	1.652638964528822373e-03
3.413475999999999999e+02	3.414375976170717877e+02	9.914240533799037469e-03
3.413935000000000173e+02	3.414835605598447614e+02	6.840620554724344098e-03
3.414764000000000124e+02	3.415664463857226565e+02	4.554950199384818488e-01
3.420736999999999739e+02	3.421638732893535462e+02	1.324517180341171999e-04
3.423706999999999994e+02	3.424609844272733312e+02	1.085670233370763793e-01
3.433555999999999813e+02	3.434461075341143896e+02	7.540172305753860271e-02
3.437277000000000271e+02	3.438183021477378816e+02	3.224343834009451432e-02
3.446259000000000015e+02	3.447166444811288670e+02	2.253118160713009910e-01
3.452889000000000124e+02	3.453797899997519494e+02	4.616976640614772059e-02
3.458460000000000036e+02	3.459370082131356980e+02	1.570796795302573934e-01
3.461652000000000271e+02	3.462563328135993856e+02	1.964643253901019737e-01
3.467500999999999749e+02	3.468413219958886771e+02	3.673609880198372077e-03
3.469485000000000241e+02	3.470398130109832096e+02	1.771084250659195900e-03
3.472542000000000257e+02	3.473456129618278965e+02	8.705998393833637439e-02
3.483777000000000044e+02	3.484693072032883947e+02	4.526459044682911576e-02
3.485883999999999787e+02	3.486801342425420671e+02	4.669214094937866252e-03
3.492955999999999790e+02	3.493874390771439380e+02	6.221364284727298744e-01
3.498192000000000235e+02	3.499111898106644958e+02	8.044939040456765056e-06
3.500851000000000113e+02	3.501771492983210692e+02	2.318801507302838474e-02
3.502594000000000278e+02	3.503514642949630797e+02	3.608057684798046411e-03
3.507692999999999870e+02	3.508614912629284390e+02	1.113022796473235859e-03
3.510335000000000036e+02	3.511257662201947483e+02	5.178420125417837472e-01
3.513928999999999974e+02	3.514852469545324993e+02	3.322983658213548176e-03
3.515052000000000021e+02	3.515975973798686596e+02	1.819677140430321083e-01
3.519764999999999873e+02	3.520690125055904787e+02	1.037392852138013973e-02
3.523070000000000164e+02	3.523995274498488470e+02	5.909508160456483715e-05
3.523441000000000258e+02	3.524367133517711750e+02	1.960516605311037226e-03
3.524535999999999945e+02	3.525462424754518906e+02	1.000000000000000000e+00
3.527977000000000203e+02	3.528903938965834755e+02	2.999221968912424083e-03
3.548183000000000220e+02	3.549114415385407710e+02	1.442352935975491600e-02
3.551532000000000266e+02	3.552463834924046182e+02	1.274049970838041657e-03
3.561750999999999863e+02	3.562685308306998877e+02	3.646565162720577079e-03
3.566372000000000071e+02	3.567307367827160078e+02	7.186278615320426666e-02
3.571863999999999919e+02	3.572800710064358327e+02	2.217101109060019490e-02
3.577235000000000014e+02	3.578173224671684807e+02	4.747896491091287087e-05
3.587928999999999746e+02	3.588870010488567459e+02	3.245480941595523146e-03
3.597703000000000202e+02	3.598645784108777548e+02	8.628906798399195444e-02
3.602278000000000020e+02	3.603222494491838006e+02	3.076658253117398045e-03
3.609313000000000216e+02	3.610258991110898705e+02	4.182168791600974871e-03
3.610461999999999989e+02	3.611408327967168930e+02	7.028651194510755762e-02
3.612740000000000009e+02	3.613686997949433248e+02	2.051598167648993956e-02
3.619390999999999963e+02	3.620338956590003363e+02	8.619257818332057286e-02
3.620027000000000044e+02	3.620975289859664485e+02	1.932286043760059682e-05
3.624730999999999881e+02	3.625680390394243204e+02	1.208141415495002152e-03
3.641634999999999991e+02	3.642588603216519232e+02	5.811233368809174077e-05
3.664091000000000236e+02	3.665050151806444774e+02	1.210366562348076484e-02
3.669238000000000284e+02	3.670198144939992062e+02	1.394531689834824098e-03
3.670425999999999931e+02	3.671385968500682111e+02	5.857548341555843252e-03
3.674062000000000126e+02	3.675023341830767549e+02	3.464848589649827636e-03
3.674144000000000005e+02	3.675104920543157618e+02	4.847830761219024467e-03
3.688414000000000215e+02	3.689377975943586421e+02	1.858019683478927785e-03
3.722488000000000170e+02	3.723460339838637196e+02	7.574593744500150889e-03
3.736809999999999832e+02	3.737785812512948951e+02	3.977005995348764818e-03
3.739225999999999885e+02	3.740202464398184361e+02	2.874614244329362026e-03
3.749044000000000096e+02	3.750022746594023602e+02	7.618196777342154877e-04
3.775570999999999913e+02	3.776555762066408306e+02	1.963120390785237993e-02
3.783530000000000086e+02	3.784516548526682982e+02	1.418835525258468726e-02
3.792339000000000055e+02	3.793327549440944040e+02	2.563605265648000284e-04
3.793607000000000085e+02	3.794596422914453910e+02	1.672333934180065792e-03
3.807139999999999986e+02	3.808132646430791510e+02	2.845480034892323984e-02
3.831691000000000145e+02	3.832689080730294222e+02	8.680695315291531156e-03
3.832871000000000095e+02	3.833869479487474905e+02	2.460216182612991664e-04
3.858297000000000025e+02	3.859301384965776833e+02	2.723524855101466108e-02
3.885869999999999891e+02	3.886880859292113541e+02	9.626289658390215398e-06
3.946191000000000031e+02	3.947216238533351884e+02	5.629252120328666994e-06
3.973555000000000064e+02	3.974586651617971143e+02	3.370603886221383398e-03
4.010009999999999764e+02	4.011050652805834034e+02	4.829105798047545387e-12
4.027663000000000011e+02	4.028708062820369378e+02	4.540051747955845206e-11
4.035948999999999955e+02	4.036996164970902328e+02	2.677992250445655337e-12
4.093616000000000099e+02	4.094676302322765764e+02	4.199962177776403461e-07
4.200453999999999724e+02	4.201540236650761244e+02	6.021308391106616882e-11
4.295881999999999721e+02	4.296991138758941133e+02	8.910680638105715805e-11
4.331641999999999939e+02	4.332759611024680453e+02	2.209940054457966918e-04
4.382873999999999910e+02	4.384003348408627971e+02	7.706315713122163184e-12
4.401541000000000281e+02	4.402675127752341382e+02	1.067010029477059259e-09
4.410518000000000143e+02	4.411654821309539329e+02	1.159010845873173512e-10
4.431032999999999902e+02	4.432174253377665991e+02	3.449504081526991290e-11
4.437570999999999799e+02	4.438713957944069080e+02	9.183408772885584226e-12
4.450090999999999894e+02	4.451236720567312091e+02	4.149154213251384488e-12
4.462454999999999927e+02	4.463603793138142350e+02	3.656628967899363129e-10
4.470477000000000203e+02	4.471628127930783307e+02	5.179509593702860021e-10
4.512989999999999782e+02	4.514151099546554065e+02	2.633106126432166437e-11
4.519982999999999720e+02	4.521145676186047808e+02	1.569575136103820096e-05
4.523142000000000280e+02	4.524306054141628692e+02	1.555608333058977497e-05
4.523142000000000280e+02	4.524306054141628692e+02	1.069480728978047033e-08
4.551224000000000274e+02	4.552394462835546847e+02	4.479489360092424069e-11
4.553168000000000006e+02	4.554338654993650266e+02	3.307634687504277793e-10
4.565443999999999960e+02	4.566617617382642038e+02	3.804825134793192689e-08
4.567409999999999854e+02	4.568583998451847492e+02	4.306984552608082793e-12
4.600359000000000265e+02	4.601541147433106858e+02	6.286799011882754662e-10
4.604986999999999853e+02	4.606170772400228657e+02	6.086792838378050673e-10
4.606220999999999890e+02	4.607404676721141072e+02	2.256826380881892154e-10
4.633032999999999788e+02	4.634223299760504915e+02	2.280084367459995691e-12
4.648652000000000157e+02	4.649845838140688556e+02	5.053079109594929916e-10
4.666985999999999990e+02	4.668184210635680529e+02	7.291457331261010698e-11
4.675593000000000075e+02	4.676793694044355902e+02	1.863246739027760401e-11
4.686213000000000193e+02	4.687416063805172257e+02	2.867557556690667565e-10
4.698389999999999986e+02	4.699595938557650356e+02	2.971375821210994171e-11
4.701351999999999975e+02	4.702558307812233238e+02	6.795710243576465130e-11
4.701530000000000200e+02	4.702736336816739140e+02	1.015585168437395848e-10
4.710659999999999741e+02	4.711869025858622990e+02	3.734212560083516178e-06
4.714417000000000257e+02	4.715627082969319872e+02	1.205923958666996964e-09
4.715761999999999716e+02	4.716971732472346162e+02	5.168534770026356960e-10
4.729275999999999840e+02	4.730488944643477112e+02	1.285535717639904418e-11
4.731798000000000002e+02	4.733011847481494669e+02	9.588782529508768401e-11
4.732456999999999994e+02	4.733670779679957263e+02	6.702299686410450994e-11
4.740165000000000077e+02	4.741380518501217125e+02	9.714207519757950722e-12
4.752420000000000186e+02	4.753638759867932322e+02	1.401845511800806862e-09
4.756514999999999986e+02	4.757735165102509427e+02	3.086557738633530201e-10
4.758419999999999845e+02	4.759640568751476621e+02	5.221622231109176534e-12
4.762626999999999953e+02	4.763848091660936461e+02	7.896267223139398397e-05
4.773410999999999831e+02	4.774635004505730649e+02	1.339379505335585893e-11
4.786281000000000176e+02	4.787508354783744835e+02	4.404089474322187405e-05
4.786535000000000082e+02	4.787762559590753426e+02	4.647735943497450250e-10
4.790964999999999918e+02	4.792192896372939117e+02	8.206360771470710611e-06
4.793426000000000045e+02	4.794654929468073306e+02	1.438778273684732691e-11
4.806992999999999938e+02	4.808225160174388293e+02	2.133855252315621501e-10
4.808874000000000137e+02	4.810106672749308814e+02	1.960700906829643173e-11
4.811983000000000175e+02	4.813216301186954524e+02	4.508768934829262213e-10
4.813254000000000019e+02	4.814487610765552859e+02	1.735944281543218026e-10
4.813254000000000019e+02	4.814487610765552859e+02	7.309239080181971192e-06
4.814597999999999729e+02	4.815831952470963984e+02	2.176846708756614413e-11
4.815932999999999993e+02	4.817167066698589224e+02	4.262744948183886534e-11
4.817817999999999756e+02	4.819052566195600207e+02	3.271619528016469560e-11
4.821118999999999915e+02	4.822354697909651691e+02	3.183408029996263608e-11
4.829023000000000252e+02	4.830260603336998315e+02	7.562285085409144702e-10
4.831175999999999817e+02	4.832413702477043671e+02	4.036050538639594117e-10
4.838643000000000143e+02	4.839882934463169022e+02	1.023797910885236301e-10
4.843158000000000243e+02	4.844399035617954610e+02	1.708400036120903944e-05
4.843509999999999991e+02	4.844750857667023638e+02	2.045538432338952468e-11
4.845169000000000210e+02	4.846409968099504795e+02	4.640093438976937282e-12
4.852554000000000087e+02	4.853797456828154395e+02	4.289848205133891481e-10
4.855410999999999717e+02	4.856654832899075700e+02	2.632491013892520498e-09
4.900971000000000117e+02	4.902225677134674697e+02	1.260893044795501437e-11
4.904411999999999807e+02	4.905667605360404195e+02	3.581824459358071819e-09
4.912017999999999915e+02	4.913275620076180985e+02	3.396875813429613457e-10
4.913972999999999729e+02	4.915231081579678971e+02	1.491334538418427172e-09
4.918364000000000260e+02	4.919623193791343851e+02	1.833097678789074856e-10
4.925563000000000216e+02	4.926824263403285613e+02	1.459774121422352848e-10
4.935831000000000017e+02	4.937093932911823799e+02	2.626404574477617926e-10
4.937348000000000070e+02	4.938611527969504778e+02	3.882535423054947764e-10
4.945445000000000277e+02	4.946710220892344410e+02	1.180068757088423193e-10
4.946032000000000153e+02	4.947297582843100940e+02	2.154391080317754293e-11
4.953208000000000197e+02	4.954475628102389919e+02	2.325418706075940283e-10
4.967524000000000228e+02	4.968794887672614209e+02	5.374272835437622469e-11
4.976134999999999877e+02	4.977407660632176771e+02	2.567455211862894860e-11
4.976326000000000249e+02	4.977598684455185207e+02	6.358984495494589945e-05
4.976696999999999775e+02	4.977970120341527149e+02	7.239258964005985501e-12
4.980172999999999774e+02	4.981446809474066981e+02	5.166915680388223539e-10
4.995649999999999977e+02	4.996928207524131835e+02	2.494195776110065476e-11
4.996843999999999824e+02	4.998122552111800587e+02	2.473883447289728563e-10
4.998224000000000160e+02	4.999502678350934275e+02	9.595170248092639063e-11
5.000342999999999734e+02	5.001621703785188515e+02	1.783288746311980307e-10
5.003740999999999985e+02	5.005020542737277651e+02	2.749712222732043931e-05
5.010937999999999874e+02	5.012219714344265640e+02	1.956185713540495884e-10
5.012443000000000097e+02	5.013724526961971151e+02	2.674440478844608790e-10
5.017576000000000249e+02	5.018859192296569063e+02	4.926364357704639478e-10
5.027318000000000211e+02	5.028603753593001215e+02	1.312127681957775976e-08
5.032726999999999862e+02	5.034014000224715915e+02	1.557776645151967391e-11
5.035362000000000080e+02	5.036649668324193385e+02	1.112489312783400080e-09
5.039356999999999971e+02	5.040645826949503316e+02	1.646435877089262994e-10
5.042187000000000126e+02	5.043475657030354569e+02	6.129093055083450984e-10
5.048847000000000094e+02	5.050137809238132718e+02	1.688415514468932753e-10
5.079957999999999743e+02	5.081256654789252138e+02	8.411124978383297576e-05
5.080532999999999788e+02	5.081830951319243468e+02	8.530275055320879107e-10
5.081109999999999900e+02	5.082408994085405993e+02	1.986464929896253119e-10
5.082343999999999937e+02	5.083643005103835435e+02	1.279966347911880100e-09
5.084101999999999748e+02	5.085401523779551098e+02	9.740370833388852797e-10
5.085477999999999952e+02	5.086777490859656154e+02	7.496101545717444300e-11
5.088962000000000216e+02	5.090262774010403746e+02	2.127713715271745948e-11
5.094411000000000058e+02	5.095712582518358431e+02	4.642476991347888442e-10
5.099936999999999898e+02	5.101240171243718464e+02	1.092929715229704686e-09
5.102966000000000122e+02	5.104269775081054377e+02	9.542256090222276201e-05
5.115391999999999939e+02	5.116699149493093159e+02	6.043098754296182916e-10
5.129378000000000384e+02	5.130687951311202823e+02	5.246080191855888646e-10
5.137074000000000069e+02	5.138385994948225743e+02	7.233389706978981658e-04
5.155126000000000204e+02	5.156442500678132319e+02	1.500334845337459086e-10
5.155764000000000351e+02	5.157080728032976822e+02	2.996792333115011833e-10
5.157980000000000018e+02	5.159297667525805764e+02	1.413718598382773205e-11
5.176559999999999491e+02	5.177882122994628844e+02	2.083963291829850366e-10
5.179121999999999844e+02	5.180444116715925702e+02	6.013822094409569539e-11
5.187820000000000391e+02	5.189144432342230857e+02	2.636716013203666369e-11
5.197160000000000082e+02	5.198487143225063392e+02	2.607936043138724343e-11
5.220290999999999713e+02	5.221622970666115862e+02	2.074186891593494679e-11
5.262826999999999771e+02	5.264170227421943764e+02	2.428701894666090839e-12
5.265711999999999762e+02	5.267055254855054045e+02	8.684311539010951067e-12
5.347708000000000084e+02	5.349071529875571969e+02	3.573117708847912291e-12
5.348283999999999878e+02	5.349647290014837608e+02	1.808963423040834385e-05
5.353391000000000304e+02	5.354756146149775304e+02	6.385214729362400504e-05
5.371330000000000382e+02	5.372699521061410906e+02	6.707394425273398185e-11
5.388343999999999596e+02	5.389716979840150088e+02	6.883492996083080208e-06
5.392331000000000358e+02	5.393705260300899909e+02	2.203724219664429948e-11
5.424645000000000437e+02	5.426027226813457673e+02	4.049862137931120945e-05
5.435857999999999493e+02	5.437242615121239169e+02	9.956549279647494536e-05
5.452861000000000331e+02	5.454249881345818949e+02	8.313725449665869274e-11
5.453229999999999791e+02	5.454618800483303858e+02	7.188283661750358518e-12
5.462492999999999483e+02	5.463884596592099570e+02	8.480774711247319614e-11
5.468103999999999587e+02	5.469496774295322439e+02	9.085560115457450162e-12
5.475430000000000064e+02	5.476824052408389889e+02	2.803863134070787065e-11
5.476903999999999542e+02	5.478298467251937609e+02	7.494593006726323406e-03
5.494880000000000564e+02	5.496279526593698392e+02	1.569435532394742147e-11
5.499406000000000176e+02	5.500806563896338730e+02	1.526857782321987855e-12
5.504094000000000051e+02	5.505495647480331627e+02	7.824194952707189313e-12
5.514792999999999665e+02	5.516197465033717435e+02	1.829793118532979558e-11
5.537105999999999995e+02	5.538515273978746336e+02	2.651436994533487806e-12
5.553690000000000282e+02	5.555104009406223895e+02	3.312737343603391649e-05
5.578718000000000075e+02	5.580138154481996935e+02	8.039659932868523909e-05
5.587857999999999947e+02	5.589279848653654881e+02	9.028356179121007166e-05
5.589357999999999720e+02	5.590780433341695925e+02	1.224298636118052854e-10
5.592261999999999489e+02	5.593684830067796838e+02	1.447551026879837323e-04
5.593736000000000104e+02	5.595158979109702386e+02	5.010080680750012479e-11
5.625317000000000007e+02	5.626748042288346596e+02	8.949350891908891059e-11
5.637119000000000142e+02	5.638552875181982245e+02	2.028521132496431099e-10
5.638746999999999616e+02	5.640181198861033636e+02	5.999069366379842841e-11
5.641880999999999631e+02	5.643316141782230488e+02	2.360848992944399519e-11
5.642604000000000042e+02	5.644039815565768095e+02	1.589641539956030827e-11
5.643078000000000429e+02	5.644513552909952523e+02	1.180896982937356059e-11
5.663985000000000127e+02	5.665425143530122796e+02	4.373071668673573620e-11
5.682199000000000524e+02	5.683643828031111980e+02	2.430767412985029178e-11
5.694982999999999720e+02	5.696431542037868212e+02	9.943570890663882603e-10
5.709545000000000528e+02	5.710996590747631672e+02	1.655744283207096401e-04
5.711888000000000147e+02	5.713340376603890718e+02	1.550000720382792318e-04
5.748351000000000113e+02	5.749811994506839028e+02	7.250086215115828620e-05
5.749297000000000253e+02	5.750758359042074517e+02	3.931564930101828558e-12
5.754655999999999949e+02	5.756118366501575565e+02	2.327566595520040821e-04
5.760829999999999700e+02	5.762294142780733637e+02	8.536886620616458589e-11
5.805217000000000098e+02	5.806691729012483165e+02	5.965504355161285422e-11
5.846993999999999687e+02	5.848478825595071839e+02	3.655573467728934645e-05
5.892871999999999844e+02	5.894368048867439711e+02	2.126331072912235895e-04
5.996730000000000018e+02	5.998252117303450177e+02	3.752070174844984057e-11
6.007309999999999945e+02	6.008834441664845372e+02	3.004009517868368417e-05
6.025753999999999451e+02	6.027283057120008607e+02	6.365435258444840830e-12
6.039298000000000002e+02	6.040830363276523940e+02	9.811439361830214410e-12
6.053685000000000400e+02	6.055221069321466985e+02	2.141601943174408505e-11
6.086281999999999925e+02	6.087825419044223736e+02	1.270797013584700057e-10
6.105761999999999716e+02	6.107310920332978412e+02	3.164275573455115112e-11
6.108115999999999985e+02	6.109665091442780067e+02	3.755947326016307090e-04
6.111069999999999709e+02	6.112620353902381112e+02	7.057898159513197459e-11
6.119756999999999607e+02	6.121308837661138114e+02	4.907711342476351383e-11
6.128972999999999729e+02	6.130527522544058456e+02	3.185018228400163573e-05
6.130135000000000218e+02	6.131689471547465473e+02	1.102269302049169898e-10
6.133962999999999965e+02	6.135518258872953083e+02	1.159365782016691258e-11
6.175366999999999962e+02	6.176932243728485901e+02	7.163242797421324444e-10
6.176811000000000149e+02	6.178377525909369297e+02	1.030520621123614842e-10
6.177241999999999962e+02	6.178807768208387188e+02	3.282183914301524993e-05
6.186711000000000240e+02	6.188279474134179736e+02	8.388104884761910445e-11
6.198624999999999545e+02	6.200196253661973742e+02	2.472001504711562796e-11
6.204604000000000497e+02	6.206176878408485891e+02	2.208448605520526936e-11
6.223984000000000378e+02	6.225561478228203214e+02	3.158015122144790711e-11
6.230089000000000397e+02	6.231668052295991629e+02	6.838779011704026616e-11
6.256354999999999791e+02	6.257940826175337179e+02	6.734246236069191911e-04
6.271767999999999574e+02	6.273357525305483477e+02	1.013897655897468236e-11
6.272627999999999702e+02	6.274217963860285181e+02	9.028383987112158746e-12
6.314659000000000333e+02	6.316258394777057674e+02	4.131155305361029284e-04
6.316574000000000524e+02	6.318174784104915034e+02	1.467762416169043837e-11
6.322165999999999713e+02	6.323767368509759308e+02	1.611938883517927186e-11
6.327599000000000160e+02	6.329201607028227272e+02	4.091578984736457970e-05
6.364571999999999434e+02	6.366183653636561530e+02	2.516781054243486264e-06
6.370345999999999549e+02	6.371959441290200630e+02	5.668994372727519178e-11
6.375214999999999463e+02	6.376829813652334451e+02	6.029692658989525301e-12
6.378250000000000455e+02	6.379865673160705910e+02	3.543880238892018972e-11
6.384661999999999580e+02	6.386278864612469306e+02	8.429321989402563765e-11
6.404443999999999733e+02	6.406065480738043334e+02	1.558172181767985295e-04
6.414587000000000216e+02	6.416211499150849704e+02	1.678407548709541975e-11
6.421512999999999920e+02	6.423139434050867749e+02	1.560693568392332159e-11
6.437696999999999434e+02	6.439326730129797625e+02	8.388069173250096728e-04
6.482798000000000229e+02	6.484439501118841918e+02	3.864369060814315076e-05
6.489582000000000335e+02	6.491224460130584930e+02	3.556001493393191469e-04
6.532872999999999593e+02	6.534526513776496586e+02	3.620764360032703198e-05
6.586309999999999718e+02	6.587976480385945024e+02	1.351046020996249451e-04
6.598597999999999502e+02	6.600267502374890682e+02	2.220090981946593800e-11
6.604290999999999485e+02	6.605961940064427154e+02	4.466978552655119180e-04
6.635122000000000071e+02	6.636800998948367578e+02	6.672012792653720085e-12
6.643630000000000564e+02	6.645310987034023356e+02	7.957782032247729710e-04
6.661323999999999614e+02	6.663008777192012531e+02	5.078162040959847104e-11
6.730252000000000407e+02	6.731953507251046176e+02	1.046537453962469801e-04
6.767771999999999935e+02	6.769483248194223961e+02	1.081247871397964444e-03
6.772314999999999827e+02	6.774027290350401245e+02	4.209880272448714045e-10
6.786979999999999791e+02	6.788696043762162162e+02	8.270713611726819277e-05
6.842037000000000262e+02	6.843766187720085554e+02	2.495678055275991530e-10
6.850390999999999622e+02	6.852122011444944292e+02	3.190789692896016881e-11
6.914559000000000424e+02	6.916306109529567721e+02	1.643106798586205708e-03
6.941644000000000005e+02	6.943397762945509157e+02	2.113891055276467389e-04
6.973509999999999991e+02	6.975271657071091340e+02	1.919704144829339340e-13
7.001540999999999713e+02	7.003309266937939128e+02	1.512312320782846525e-05
7.002007999999999583e+02	7.003776720595074039e+02	6.680605219028310079e-04
7.002007999999999583e+02	7.003776720595074039e+02	2.494092615103902708e-05
7.030010999999999513e+02	7.031786790166399896e+02	3.249352554828755219e-11
7.034371999999999616e+02	7.036148261841539124e+02	1.688615963038598118e-11
7.062956000000000358e+02	7.064739295760992945e+02	2.123813274196875589e-05
7.110883999999999787e+02	7.112679171338443211e+02	7.085914875172107162e-05
7.122196999999999889e+02	7.123995212571825277e+02	3.232673479682752203e-09
7.130236999999999625e+02	7.132037384160965985e+02	4.362916449184173900e-04
7.193940999999999804e+02	7.195756737208967024e+02	4.031468932760525116e-05
7.197010000000000218e+02	7.198827054114539123e+02	2.772985590399636678e-04
7.218736000000000104e+02	7.220558128002801368e+02	4.320102263311291642e-04
7.220753999999999451e+02	7.222576419742670168e+02	4.301216151830153082e-13
7.243984000000000378e+02	7.245811954657111755e+02	6.644632536539275716e-05
7.261917999999999438e+02	7.263750857458870769e+02	2.564987126972312782e-04
7.286531999999999698e+02	7.288370538273641159e+02	3.661620291283085153e-11
7.291449000000000069e+02	7.293288662955015980e+02	6.265977042624845705e-05
7.327648000000000366e+02	7.329496947238188795e+02	5.447165294418951475e-11
7.381930999999999585e+02	7.383793586296089870e+02	7.529657423268756795e-13
7.385238000000000511e+02	7.387100715782754605e+02	2.992129298868465812e-05
7.393676000000000386e+02	7.395541495097039615e+02	3.117927090189264144e-05
7.395806999999999789e+02	7.397673038215996257e+02	7.142693500317811629e-05
7.395806999999999789e+02	7.397673038215996257e+02	1.745991744522132206e-05
7.401117000000000417e+02	7.402983709068573717e+02	6.863741100869014850e-13
7.414501999999999953e+02	7.416372734772638751e+02	3.289788514474105766e-04
7.422274999999999636e+02	7.424147421452618119e+02	1.107945614067609761e-09
7.464366999999999734e+02	7.466250110548298835e+02	1.629366994291716437e-04
7.464366999999999734e+02	7.466250110548298835e+02	1.671145635170991203e-06
7.481473999999999478e+02	7.483360385667349419e+02	1.488268418649671609e-12
7.488696999999999662e+02	7.490585449867709258e+02	1.522863281944351796e-11
7.507380000000000564e+02	7.509272875885803842e+02	7.676761637011970344e-05
7.714307999999999765e+02	7.716252231927971934e+02	6.396430866054144239e-04
7.727623999999999569e+02	7.729572088556814151e+02	1.560642385727796180e-09
7.788930000000000291e+02	7.790892796864892489e+02	3.801089957219637439e-04
7.908259000000000469e+02	7.910250966287696883e+02	8.849252057139266622e-05
7.929687999999999874e+02	7.931685255512538788e+02	2.153890131519402586e-08
7.989945000000000164e+02	7.991956932592344174e+02	1.033178246168583466e-06
8.111975999999999658e+02	8.114018460802042227e+02	3.400764074055197354e-06
8.194530999999999494e+02	8.196593859945479608e+02	9.133446036147051912e-05
8.201740999999999531e+02	8.203805194171411586e+02	1.957479283150249591e-03
8.201740999999999531e+02	8.203805194171411586e+02	3.814575013318434589e-06
8.466322000000000116e+02	8.468451982604200339e+02	2.188045712338531823e-06
8.832353000000000520e+02	8.834573704545914552e+02	1.609651945109177038e-03
8.843374000000000024e+02	8.845597387383946852e+02	7.913519185911247486e-04
8.843374000000000024e+02	8.845597387383946852e+02	9.310022571660291449e-07
9.887106999999999744e+02	9.889588376705708015e+02	4.996327948107954429e-05
1.165049400000000105e+03	1.165341325989949610e+03	7.738075578395406074e-09
3.119978999999999814e+03	3.119906488248783262e+03	1.378427434954710047e-02
3.952380000000000109e+03	3.952288558851765174e+03	8.649159922097042182e-04
4.519458999999999833e+03	4.519354711947998112e+03	8.184247563373113802e-05
4.788131999999999607e+03	4.788021376526080530e+03	4.690652472880737622e-05
5.893270000000000437e+03	5.893136270625327597e+03	1.029146222726961320e-03
7.506579999999999927e+03	7.506409331591746195e+03	6.539168669918750398e-03
8.281620000000000800e+03	8.281429607302554359e+03	1.606381028396188529e-07
1.130728000000000065e+04	1.130701784154270354e+04	1.592169436042983671e-03
1.200089999999999964e+04	1.200061958331753704e+04	1.528266388235501819e-03
1.481418000000000029e+04	1.481383508087887640e+04	1.223042100905378810e-03
3.529759999999999854e+04	3.529682949757532333e+04	5.280096775523799179e-08
8.054319999999999709e+04	8.054131688757380471e+04	2.332630176552839376e-09
