1.963870000000000005e+02	1.963824200434621616e+02	1.596613640232349973e-02
1.968918999999999926e+02	1.968872910268248404e+02	6.964469312753331955e-03
1.976889999999999930e+02	1.976843720479718911e+02	1.695561499198749433e-01
1.977165999999999997e+02	1.977120523910047609e+02	3.594195718364160814e-09
1.981621000000000095e+02	1.981575298269283110e+02	1.758138836474181649e-02
1.990253999999999905e+02	1.990207767939140808e+02	1.188746997553032092e-01
1.994300000000000068e+02	1.994258055156589933e+02	8.824495143727418764e-03
2.000497000000000014e+02	2.001098965143827684e+02	6.864661056344101460e-03
2.001829999999999927e+02	2.002436156362606141e+02	1.125539003904164025e-02
2.006992999999999938e+02	2.007595649305022789e+02	2.345965605709192381e-02
2.007684999999999889e+02	2.008288132242448967e+02	1.277398039374923536e-02
2.014241000000000099e+02	2.014844972384013317e+02	1.236977236249945516e-01
2.025389000000000124e+02	2.025994780067717329e+02	3.145129115448579843e-02
2.026588000000000136e+02	2.027193460124502451e+02	3.575617695791281220e-02
2.029269999999999925e+02	2.029874658183634608e+02	3.498283341615292079e-03
2.030186999999999955e+02	2.030793282957104111e+02	7.167042464268259968e-11
2.033546000000000049e+02	2.034152850969034034e+02	4.331025817125992369e-03
2.041143999999999892e+02	2.041752328153992835e+02	4.342060635335985228e-03
2.047342999999999904e+02	2.047951956721222757e+02	2.638451287772548837e-02
2.050831000000000017e+02	2.051440504807731031e+02	9.821359124174063385e-03
2.052074000000000069e+02	2.052683566366334276e+02	1.507801171538570607e-02
2.052434000000000083e+02	2.053044272402540003e+02	4.577251389111766308e-03
2.053909999999999911e+02	2.054519685581880424e+02	9.563822282343611850e-04
2.055489000000000033e+02	2.056099609315693328e+02	4.082852547351296935e-02
2.059901000000000124e+02	2.060511979612201117e+02	3.065462772990136531e-02
2.060194999999999936e+02	2.060806383539089950e+02	2.889082406312449766e-02
2.062347000000000037e+02	2.062958938968109237e+02	6.177549199040382327e-03
2.063394999999999868e+02	2.064007060556023987e+02	7.316339645156118461e-03
2.064372999999999934e+02	2.064985373227308116e+02	4.490381560219150470e-02
2.069505000000000052e+02	2.070117301114479176e+02	1.393674254151485575e-02
2.080619000000000085e+02	2.081233612545739504e+02	3.373259838057093634e-08
2.082845000000000084e+02	2.083459721875555886e+02	1.232164946363252522e-02
2.085352000000000032e+02	2.085967221229853124e+02	1.012003007381273231e-02
2.085554999999999950e+02	2.086170493065426399e+02	3.339980601648626091e-01
2.088960999999999899e+02	2.089576686840587172e+02	6.045648199063479930e-03
2.089070000000000107e+02	2.089685853341233326e+02	1.217458815462668306e-02
2.095123000000000104e+02	2.095740524714454125e+02	1.496114842680495646e-02
2.105834999999999866e+02	2.106453812330667574e+02	3.735363415149517852e-03
2.109773999999999887e+02	2.110393859019001468e+02	2.267890554049611148e-03
2.111715000000000089e+02	2.112334721727901581e+02	8.061784031440843643e-03
2.114410000000000025e+02	2.115030252573160112e+02	1.270586145928854528e-02
2.121390000000000100e+02	2.122011908457295419e+02	4.025780425563581233e-02
2.124806000000000097e+02	2.125428090969704442e+02	4.739735492627598218e-02
2.125626000000000033e+02	2.126248478221583582e+02	6.920270005347769170e-03
2.128410000000000082e+02	2.129033191462044385e+02	6.898729904240650385e-03
2.129953999999999894e+02	2.130577214612814316e+02	5.767099166716463908e-03
2.147784000000000049e+02	2.148410128022770209e+02	6.109150180146143139e-02
2.151921000000000106e+02	2.152547813728270967e+02	3.894733194721245254e-03
2.152222999999999900e+02	2.152850474699585845e+02	4.534986311284955676e-03
2.157828000000000088e+02	2.158456312427772446e+02	4.757468127711408923e-02
2.158306000000000040e+02	2.158934156317360475e+02	9.240857223443317559e-02
2.161038000000000068e+02	2.161667061103072456e+02	1.759381230099725177e-02
2.166153999999999940e+02	2.166783599306532153e+02	8.788105765022410920e-03
2.173540999999999883e+02	2.174172300235754562e+02	1.785938851960464438e-02
2.174484999999999957e+02	2.175115725539840525e+02	9.482645880514273262e-02
2.182381000000000029e+02	2.183013625575755441e+02	1.742177148356787234e-02
2.183905000000000030e+02	2.184538366267487390e+02	1.440738350542433190e-02
2.190228999999999928e+02	2.190863292617514730e+02	3.959210044212500140e-02
2.191192000000000064e+02	2.191826642662668974e+02	6.300107639478822429e-03
2.197353999999999985e+02	2.197989812786844084e+02	8.888003584136505708e-02
2.200682999999999936e+02	2.201319343069390015e+02	1.089773416426167291e-02
2.201560000000000059e+02	2.202196319078021816e+02	9.087938623757126078e-02
2.212154999999999916e+02	2.212793304430319949e+02	7.578612671792678106e-03
2.221946000000000083e+02	2.222585661116553695e+02	2.479130944403433109e-02
2.230962000000000103e+02	2.231604016795214989e+02	6.737344830504387629e-03
2.244527999999999963e+02	2.245171866233374658e+02	4.301820069036116356e-02
2.251490000000000009e+02	2.252135491883439329e+02	4.506295373261756144e-03
2.253572000000000060e+02	2.254218197780803052e+02	2.493283405348915502e-02
2.254799999999999898e+02	2.255446076856238449e+02	1.318328870224112943e-02
2.258151000000000010e+02	2.258797787738786838e+02	2.238911487865717295e-02
2.259567000000000121e+02	2.260214304656098534e+02	2.159271775526829668e-02
2.261431000000000040e+02	2.262078877579898517e+02	1.173278854548441032e-02
2.266353000000000009e+02	2.267001078417131907e+02	3.025215362472900155e-03
2.267560000000000002e+02	2.268208300929847780e+02	8.964483820846694956e-03
2.271956999999999880e+02	2.272606844271049056e+02	6.416722970512445286e-03
2.274665999999999997e+02	2.275315785496592866e+02	5.798502412386382504e-03
2.287324999999999875e+02	2.287977172599773894e+02	1.999581242937225126e-02
2.288397999999999968e+02	2.289050633579394685e+02	1.046751559269046457e-02
2.289984000000000037e+02	2.290636636459933868e+02	2.963561690575892138e-01
2.293119000000000085e+02	2.293772993929317181e+02	4.928315679694125068e-02
2.300777999999999963e+02	2.301432737403543456e+02	1.053449828465943677e-01
2.302944999999999993e+02	2.303600657520588584e+02	4.766858401517520827e-02
2.307358000000000118e+02	2.308014347967626634e+02	2.021850660111391279e-02
2.312343999999999937e+02	2.313001100068132700e+02	7.033975432492336477e-01
2.313983000000000061e+02	2.314640407607109580e+02	5.490409155232591765e-01
2.317164999999999964e+02	2.317822902129997829e+02	4.877179098218595299e-01
2.320033999999999992e+02	2.320693017882557569e+02	1.000000000000000000e+00
2.321382999999999868e+02	2.322042337620422927e+02	6.118881906523054859e-01
2.324654999999999916e+02	2.325314659758257108e+02	2.397594610912583135e-02
2.325800999999999874e+02	2.326461337925545365e+02	4.485928968375890724e-01
2.329970999999999890e+02	2.330631427389042187e+02	5.549184988209979741e-01
2.345543000000000120e+02	2.346207195639451015e+02	3.153446351872185027e-01
2.346630999999999858e+02	2.347294900780499631e+02	6.948325364109746161e-02
2.347513999999999896e+02	2.348178583873337857e+02	3.151022079072938326e-02
2.348736000000000104e+02	2.349400365286322483e+02	2.689967283371064513e-02
2.419312999999999931e+02	2.419991773485502335e+02	2.460978370946535418e-02
2.476876000000000033e+02	2.477566608706927127e+02	3.480804405607537243e-03
2.540021999999999878e+02	2.540726058973901331e+02	2.939658322037542841e-03
2.553378999999999905e+02	2.554085620453516583e+02	6.455485376596683264e-04
2.561424000000000092e+02	2.562132389424601229e+02	4.789958697139225880e-04
2.635240000000000009e+02	2.635964215959374428e+02	3.053128743189128629e-09
2.696487999999999943e+02	2.697225577792306694e+02	1.426342653282546046e-03
2.746741999999999848e+02	2.747490708268574622e+02	1.627819784933784170e-03
2.788779999999999859e+02	2.789537485867341502e+02	8.900667358076313794e-10
2.798473000000000184e+02	2.799232589625481182e+02	1.621039727521591993e-09
2.798650999999999840e+02	2.799410788986187413e+02	5.450734082273646711e-03
2.805079000000000065e+02	2.805840245113385549e+02	9.393685934717756246e-04
2.821290999999999940e+02	2.822056144361276893e+02	5.200519562234317932e-03
2.834547000000000025e+02	2.835315443612416857e+02	6.124014154041376766e-04
2.865498000000000047e+02	2.866272965630122371e+02	1.652146639339927307e-03
2.907456999999999994e+02	2.908241679905218575e+02	1.809227311286907332e-03
2.914006999999999721e+02	2.914793051838226461e+02	5.959867052840920427e-04
2.943912000000000262e+02	2.944704581660298004e+02	1.072555460976789415e-02
2.981646000000000072e+02	2.982446873653848343e+02	2.101295384991378606e-02
2.984130999999999858e+02	2.984932214741054963e+02	6.833854042327039760e-03
2.991118000000000166e+02	2.991920633998660151e+02	1.201288947037005574e-04
2.992592000000000212e+02	2.993395632172536125e+02	4.328175721278098957e-03
2.994452999999999747e+02	2.995257014675747200e+02	1.116367509877592805e-02
3.002484999999999786e+02	3.003291016726341809e+02	8.232823529224286840e-02
3.003620999999999981e+02	3.004426789198818710e+02	6.594111256855497705e-02
3.012001000000000204e+02	3.012808372092681566e+02	1.135181948676098479e-01
3.019143000000000256e+02	3.019952710313500006e+02	6.208542285091657800e-03
3.031866999999999734e+02	3.032679541461143344e+02	1.842308690572121372e-03
3.037932999999999879e+02	3.038746182087223247e+02	2.699438371168934661e-02
3.045006999999999948e+02	3.045821882547518840e+02	2.639504058967775089e-03
3.050815999999999804e+02	3.051632244772756621e+02	6.461882490658633904e-02
3.054313000000000216e+02	3.055129899132117544e+02	3.141272094041037966e-02
3.057638999999999783e+02	3.058456994960459951e+02	7.318118092504513617e-02
3.064619000000000142e+02	3.065438350003855135e+02	1.109063302575454338e-02
3.080751999999999953e+02	3.081575881946833988e+02	8.106160371674893395e-03
3.097117000000000075e+02	3.097943915385814080e+02	2.555733902968549895e-03
3.099110000000000014e+02	3.099937634260817276e+02	2.603684561566664470e-03
3.101557000000000244e+02	3.102385076093212888e+02	5.949146429824596349e-02
3.101877999999999815e+02	3.102705911058745869e+02	4.730115778026278833e-02
3.105459999999999923e+02	3.106289366198404309e+02	5.115855044478704455e-03
3.107714000000000283e+02	3.108543813301315595e+02	1.292535844852697171e-04
3.114123999999999910e+02	3.114955447258341223e+02	4.816800750473034833e-03
3.129304999999999950e+02	3.130139857517297628e+02	4.861619130625252009e-04
3.134103999999999814e+02	3.134939506902900348e+02	5.586874818890492228e-02
3.145111999999999739e+02	3.145950203365410403e+02	2.558571220620365309e-05
3.145704999999999814e+02	3.146543357323320151e+02	7.448452941749794621e-04
3.159520999999999731e+02	3.160361961106480067e+02	3.119783305378480149e-05
3.165507000000000062e+02	3.166349875776651857e+02	5.205226276127627462e-05
3.184366999999999734e+02	3.185213729866781023e+02	5.348044533194494131e-04
3.195570999999999913e+02	3.196420322905575517e+02	5.608159370831485892e-04
3.197114000000000260e+02	3.197963783951237247e+02	2.345886437385750166e-03
3.200421999999999798e+02	3.201273150482592769e+02	2.468930720559569408e-04
3.221650999999999954e+02	3.222507117333103110e+02	1.502298821036899927e-03
3.225018999999999778e+02	3.225875515098958886e+02	6.452635543325013420e-03
3.226983000000000175e+02	3.227840316204816986e+02	2.713851916048938616e-04
3.232934000000000196e+02	3.233791773007712322e+02	8.863073058270255766e-03
3.234648000000000252e+02	3.235506481681977675e+02	2.369287598742627395e-03
3.235754000000000019e+02	3.236612568501445253e+02	5.792940521651487743e-05
3.243054999999999950e+02	3.243915103350638560e+02	4.477153521821917483e-03
3.248457999999999970e+02	3.249319456774824744e+02	5.509038389999421602e-04
3.249434999999999718e+02	3.250296606452633910e+02	3.263197728480962743e-04
3.250742999999999938e+02	3.251605356653146828e+02	1.942645944755116592e-03
3.271114000000000033e+02	3.271980728899214910e+02	7.419272432963716288e-04
3.282694999999999936e+02	3.283565028411240974e+02	7.003831490807691657e-04
3.286945000000000050e+02	3.287815524027497531e+02	3.646264449712783586e-04
3.310201000000000136e+02	3.311077064624611808e+02	8.695352698082405571e-05
3.315663000000000125e+02	3.316540288344899068e+02	4.835271016244958864e-03
3.320258999999999787e+02	3.321137153426105328e+02	4.164691853047098984e-03
3.322309999999999945e+02	3.323188494060771632e+02	5.394227447241302723e-03
3.337008999999999901e+02	3.337891646258798346e+02	7.432110727098601425e-06
3.351053999999999746e+02	3.351939918440245378e+02	2.310693388929684207e-06
3.361553999999999860e+02	3.362442317078592282e+02	3.641196709878379359e-03
3.362803999999999860e+02	3.363692125431281283e+02	1.762287093631287912e-04
3.365765000000000100e+02	3.366653634321359618e+02	4.698996630929835709e-03
3.366166000000000054e+02	3.367055041046223209e+02	3.594512551871052123e-03
3.367885999999999740e+02	3.368775337840608017e+02	1.526745922318598482e-04
3.369562999999999988e+02	3.370452633564387952e+02	1.750107859109795855e-02
3.371986999999999739e+02	3.372877851875823012e+02	2.935912353471151811e-03
3.374216999999999871e+02	3.375108337011359936e+02	1.229374094353591438e-03
3.380568999999999846e+02	3.381461875961041414e+02	9.945380069307359350e-02
3.380878999999999905e+02	3.381771895015256746e+02	4.306945198935494337e-03
3.391043000000000234e+02	3.391937862332429745e+02	6.118374633495369218e-03
3.392982999999999834e+02	3.393878570798706278e+02	2.317370532350413598e-02
3.409574000000000069e+02	3.410473534354457570e+02	3.297550663784357236e-04
3.413475999999999999e+02	3.414375976170717877e+02	2.838768657428734042e-03
3.413935000000000173e+02	3.414835605598447614e+02	1.925569478054110859e-03
3.414764000000000124e+02	3.415664463857226565e+02	5.063228251995616908e-02
3.420736999999999739e+02	3.421638732893535462e+02	8.167227356635939849e-05
3.423706999999999994e+02	3.424609844272733312e+02	2.280103236087160576e-02
3.433555999999999813e+02	3.434461075341143896e+02	1.504508893082765961e-02
3.437277000000000271e+02	3.438183021477378816e+02	4.232279469478910858e-03
3.446259000000000015e+02	3.447166444811288670e+02	3.455219481280607380e-02
3.452889000000000124e+02	3.453797899997519494e+02	7.848915807645346146e-03
3.458460000000000036e+02	3.459370082131356980e+02	4.497700751250335860e-02
3.461652000000000271e+02	3.462563328135993856e+02	2.578794240438054067e-02
3.467500999999999749e+02	3.468413219958886771e+02	1.034086162651226938e-03
3.469485000000000241e+02	3.470398130109832096e+02	1.133428896366121428e-03
3.472542000000000257e+02	3.473456129618278965e+02	1.132139560261090881e-02
3.483777000000000044e+02	3.484693072032883947e+02	9.506380113005162558e-03
3.485883999999999787e+02	3.486801342425420671e+02	7.368855656389303914e-04
3.492955999999999790e+02	3.493874390771439380e+02	7.204418361827995276e-02
3.498192000000000235e+02	3.499111898106644958e+02	8.532585912969327758e-07
3.500851000000000113e+02	3.501771492983210692e+02	3.555946723504362257e-03
3.502594000000000278e+02	3.503514642949630797e+02	1.735897132891929366e-04
3.507692999999999870e+02	3.508614912629284390e+02	1.892152137972516956e-04
3.510335000000000036e+02	3.511257662201947483e+02	4.214103048455956207e-02
3.513928999999999974e+02	3.514852469545324993e+02	9.353882235010838476e-04
3.515052000000000021e+02	3.515975973798686596e+02	3.630845993038776115e-02
3.519764999999999873e+02	3.520690125055904787e+02	2.970392239375628778e-03
3.523070000000000164e+02	3.523995274498488470e+02	4.785721469033807747e-05
3.523441000000000258e+02	3.524367133517711750e+02	2.079354024249962336e-04
3.524535999999999945e+02	3.525462424754518906e+02	8.030837698944366665e-02
3.527977000000000203e+02	3.528903938965834755e+02	3.900227966289239196e-04
3.548183000000000220e+02	3.549114415385407710e+02	2.211888417644150995e-03
3.551532000000000266e+02	3.552463834924046182e+02	1.416218734438105559e-04
3.561750999999999863e+02	3.562685308306998877e+02	2.795724348121192112e-04
3.566372000000000071e+02	3.567307367827160078e+02	4.431197433342073944e-02
3.571863999999999919e+02	3.572800710064358327e+02	4.423835689933834983e-03
3.577235000000000014e+02	3.578173224671684807e+02	1.336487602998468926e-05
3.587928999999999746e+02	3.588870010488567459e+02	2.488223762608561280e-04
3.597703000000000202e+02	3.598645784108777548e+02	9.992382978360591500e-03
3.602278000000000020e+02	3.603222494491838006e+02	4.038427112495547632e-04
3.609313000000000216e+02	3.610258991110898705e+02	4.435672456611725197e-04
3.610461999999999989e+02	3.611408327967168930e+02	5.644595698560734079e-03
3.612740000000000009e+02	3.613686997949433248e+02	3.146182956679529838e-03
3.619390999999999963e+02	3.620338956590003363e+02	5.516008554020532251e-02
3.620027000000000044e+02	3.620975289859664485e+02	3.284909509904158296e-06
3.624730999999999881e+02	3.625680390394243204e+02	2.934391856919578434e-04
3.641634999999999991e+02	3.642588603216519232e+02	7.557004829449680759e-06
3.664091000000000236e+02	3.665050151806444774e+02	1.401619755288985216e-03
3.669238000000000284e+02	3.670198144939992062e+02	1.479061729621054973e-04
3.670425999999999931e+02	3.671385968500682111e+02	4.704102004475573602e-04
3.674062000000000126e+02	3.675023341830767549e+02	1.437202536602448944e-04
3.674144000000000005e+02	3.675104920543157618e+02	1.388091198166042104e-03
3.688414000000000215e+02	3.689377975943586421e+02	3.707351800414048740e-04
3.722488000000000170e+02	3.723460339838637196e+02	6.083033299751999757e-04
3.736809999999999832e+02	3.737785812512948951e+02	1.119489276947679621e-03
3.739225999999999885e+02	3.740202464398184361e+02	2.203890147497527228e-04
3.749044000000000096e+02	3.750022746594023602e+02	2.028673553145427427e-05
3.775570999999999913e+02	3.776555762066408306e+02	3.010499820477163888e-03
3.783530000000000086e+02	3.784516548526682982e+02	2.412037454269452472e-03
3.792339000000000055e+02	3.793327549440944040e+02	2.718999120575085309e-05
3.793607000000000085e+02	3.794596422914453910e+02	1.343024240383722213e-04
3.807139999999999986e+02	3.808132646430791510e+02	3.700299919325104100e-03
3.831691000000000145e+02	3.832689080730294222e+02	1.005235473454707670e-03
3.832871000000000095e+02	3.833869479487474905e+02	1.020485844259974436e-05
3.858297000000000025e+02	3.859301384965776833e+02	5.434315289990492015e-03
3.885869999999999891e+02	3.886880859292113541e+02	2.004889932825199793e-06
3.946191000000000031e+02	3.947216238533351884e+02	1.499031231965995617e-07
3.973555000000000064e+02	3.974586651617971143e+02	2.706877275767507790e-04
4.010009999999999764e+02	4.011050652805834034e+02	9.638292978928237752e-05
4.027663000000000011e+02	4.028708062820369378e+02	1.821708076034068806e-03
4.035948999999999955e+02	4.036996164970902328e+02	5.344938583770591091e-05
4.093616000000000099e+02	4.094676302322765764e+02	7.323829331022274761e-08
4.200453999999999724e+02	4.201540236650761244e+02	1.655342287956565516e-04
4.295881999999999721e+02	4.296991138758941133e+02	1.778460738351389297e-03
4.331641999999999939e+02	4.332759611024680453e+02	3.400298676347891487e-04
4.382873999999999910e+02	4.384003348408627971e+02	1.538084517867057451e-04
4.401541000000000281e+02	4.402675127752341382e+02	3.195503754895476136e-03
4.410518000000000143e+02	4.411654821309539329e+02	2.919124807588135300e-04
4.431032999999999902e+02	4.432174253377665991e+02	4.438856006149662190e-04
4.437570999999999799e+02	4.438713957944069080e+02	2.953120059206329560e-04
4.450090999999999894e+02	4.451236720567312091e+02	8.281194406268752549e-05
4.462454999999999927e+02	4.463603793138142350e+02	2.412741164739633758e-03
4.470477000000000203e+02	4.471628127930783307e+02	1.634974621663464822e-03
4.512989999999999782e+02	4.514151099546554065e+02	2.816833496232171706e-04
4.519982999999999720e+02	4.521145676186047808e+02	4.041081770212148262e-05
4.523142000000000280e+02	4.524306054141628692e+02	1.906552376331098349e-09
4.523142000000000280e+02	4.524306054141628692e+02	1.310754758727630464e-12
4.551224000000000274e+02	4.552394462835546847e+02	6.429753761594685394e-04
4.553168000000000006e+02	4.554338654993650266e+02	1.315920017782436485e-03
4.565443999999999960e+02	4.566617617382642038e+02	4.663190758305888626e-12
4.567409999999999854e+02	4.568583998451847492e+02	1.184050575127170675e-05
4.600359000000000265e+02	4.601541147433106858e+02	3.680763667089197340e-03
4.604986999999999853e+02	4.606170772400228657e+02	1.921369511540277179e-03
4.606220999999999890e+02	4.607404676721141072e+02	1.688966413971243648e-03
4.633032999999999788e+02	4.634223299760504915e+02	6.098566786192535614e-06
4.648652000000000157e+02	4.649845838140688556e+02	1.951061399663919825e-03
4.666985999999999990e+02	4.668184210635680529e+02	7.800225384334795583e-04
4.675593000000000075e+02	4.676793694044355902e+02	5.122327108449227712e-05
4.686213000000000193e+02	4.687416063805172257e+02	1.892090835582472489e-03
4.698389999999999986e+02	4.699595938557650356e+02	5.930495605814656941e-04
4.701351999999999975e+02	4.702558307812233238e+02	1.711591088887499783e-04
4.701530000000000200e+02	4.702736336816739140e+02	1.161539040124761647e-03
4.710659999999999741e+02	4.711869025858622990e+02	4.576648041061080991e-10
4.714417000000000257e+02	4.715627082969319872e+02	3.611526069654116562e-03
4.715761999999999716e+02	4.716971732472346162e+02	1.631510286312078074e-03
4.729275999999999840e+02	4.730488944643477112e+02	2.565768984912219662e-04
4.731798000000000002e+02	4.733011847481494669e+02	1.025784853336103239e-03
4.732456999999999994e+02	4.733670779679957263e+02	7.665514411125018586e-04
4.740165000000000077e+02	4.741380518501217125e+02	2.598269791225917293e-05
4.752420000000000186e+02	4.753638759867932322e+02	4.040499473976404479e-03
4.756514999999999986e+02	4.757735165102509427e+02	1.191761207586671759e-03
4.758419999999999845e+02	4.759640568751476621e+02	5.585965661470960038e-05
4.762626999999999953e+02	4.763848091660936461e+02	1.214950013362039625e-04
4.773410999999999831e+02	4.774635004505730649e+02	1.286440917266729392e-04
4.786281000000000176e+02	4.787508354783744835e+02	3.459584690066579024e-05
4.786535000000000082e+02	4.787762559590753426e+02	1.391913594897290331e-03
4.790964999999999918e+02	4.792192896372939117e+02	1.262662198125060101e-05
4.793426000000000045e+02	4.794654929468073306e+02	8.423687133573733849e-05
4.806992999999999938e+02	4.808225160174388293e+02	5.866267937303082901e-04
4.808874000000000137e+02	4.810106672749308814e+02	1.880444021261375143e-04
4.811983000000000175e+02	4.813216301186954524e+02	1.689843004845590193e-03
4.813254000000000019e+02	4.814487610765552859e+02	2.127571976068300777e-14
4.813254000000000019e+02	4.814487610765552859e+02	8.958197793971791691e-10
4.814597999999999729e+02	4.815831952470963984e+02	6.871478968579905824e-05
4.815932999999999993e+02	4.817167066698589224e+02	1.287487316864754407e-04
4.817817999999999756e+02	4.819052566195600207e+02	6.529744603929508269e-04
4.821118999999999915e+02	4.822354697909651691e+02	3.640908534708730410e-04
4.829023000000000252e+02	4.830260603336998315e+02	1.935669685515855123e-03
4.831175999999999817e+02	4.832413702477043671e+02	1.274027991076535134e-03
4.838643000000000143e+02	4.839882934463169022e+02	2.043372961577309861e-03
4.843158000000000243e+02	4.844399035617954610e+02	1.718806131430370015e-05
4.843509999999999991e+02	4.844750857667023638e+02	4.082639630407676468e-04
4.845169000000000210e+02	4.846409968099504795e+02	1.275626888825852288e-05
4.852554000000000087e+02	4.853797456828154395e+02	1.332916157147979704e-03
4.855410999999999717e+02	4.856654832899075700e+02	6.336172035685188469e-03
4.900971000000000117e+02	4.902225677134674697e+02	3.776148628275140468e-05
4.904411999999999807e+02	4.905667605360404195e+02	7.136280341941575803e-03
4.912017999999999915e+02	4.913275620076180985e+02	1.988785875300535470e-03
4.913972999999999729e+02	4.915231081579678971e+02	4.298431151847719421e-03
4.918364000000000260e+02	4.919623193791343851e+02	2.008015742783727468e-03
4.925563000000000216e+02	4.926824263403285613e+02	4.607952932046541954e-04
4.935831000000000017e+02	4.937093932911823799e+02	2.809664337407611744e-03
4.937348000000000070e+02	4.938611527969504778e+02	9.778688016712133637e-04
4.945445000000000277e+02	4.946710220892344410e+02	1.058318944775795507e-03
4.946032000000000153e+02	4.947297582843100940e+02	2.069239395163676419e-04
4.953208000000000197e+02	4.954475628102389919e+02	1.534373185428260103e-03
4.967524000000000228e+02	4.968794887672614209e+02	3.146502401669614367e-04
4.976134999999999877e+02	4.977407660632176771e+02	1.131941400805958867e-04
4.976326000000000249e+02	4.977598684455185207e+02	2.072639744987676618e-05
4.976696999999999775e+02	4.977970120341527149e+02	1.444865814984474964e-04
4.980172999999999774e+02	4.981446809474066981e+02	1.382000631431717875e-03
4.995649999999999977e+02	4.996928207524131835e+02	6.281967758066308249e-05
4.996843999999999824e+02	4.998122552111800587e+02	7.471930881401123419e-04
4.998224000000000160e+02	4.999502678350934275e+02	3.704823512204609122e-04
5.000342999999999734e+02	5.001621703785188515e+02	1.370741706248348839e-03
5.003740999999999985e+02	5.005020542737277651e+02	3.705114405098424335e-05
5.010937999999999874e+02	5.012219714344265640e+02	5.007123299603399207e-04
5.012443000000000097e+02	5.013724526961971151e+02	8.442193669023392421e-04
5.017576000000000249e+02	5.018859192296569063e+02	1.475357809967696920e-03
5.027318000000000211e+02	5.028603753593001215e+02	1.608142677641190908e-12
5.032726999999999862e+02	5.034014000224715915e+02	1.706422992839269430e-04
5.035362000000000080e+02	5.036649668324193385e+02	4.904750452024425958e-03
5.039356999999999971e+02	5.040645826949503316e+02	3.962824909148095339e-04
5.042187000000000126e+02	5.043475657030354569e+02	1.851185015342227905e-03
5.048847000000000094e+02	5.050137809238132718e+02	1.621681378958069819e-03
5.079957999999999743e+02	5.081256654789252138e+02	6.607267942922509388e-05
5.080532999999999788e+02	5.081830951319243468e+02	2.281602070164596985e-03
5.081109999999999900e+02	5.082408994085405993e+02	4.816731204363862082e-03
5.082343999999999937e+02	5.083643005103835435e+02	3.977035419798003076e-03
5.084101999999999748e+02	5.085401523779551098e+02	2.453243490869341185e-03
5.085477999999999952e+02	5.086777490859656154e+02	1.804245056867289200e-04
5.088962000000000216e+02	5.090262774010403746e+02	1.635487205597700407e-04
5.094411000000000058e+02	5.095712582518358431e+02	1.338087947893225891e-03
5.099936999999999898e+02	5.101240171243718464e+02	2.797502202411558322e-03
5.102966000000000122e+02	5.104269775081054377e+02	5.050784788977691288e-05
5.115391999999999939e+02	5.116699149493093159e+02	1.661332764994894210e-03
5.129378000000000384e+02	5.130687951311202823e+02	1.262684903127133437e-03
5.137074000000000069e+02	5.138385994948225743e+02	4.329664588520907242e-04
5.155126000000000204e+02	5.156442500678132319e+02	1.345542605708455533e-03
5.155764000000000351e+02	5.157080728032976822e+02	2.878344981771574322e-03
5.157980000000000018e+02	5.159297667525805764e+02	4.233833764160366817e-05
5.176559999999999491e+02	5.177882122994628844e+02	2.182278845781569949e-03
5.179121999999999844e+02	5.180444116715925702e+02	3.520942505653913051e-04
5.187820000000000391e+02	5.189144432342230857e+02	6.346341233735551556e-05
5.197160000000000082e+02	5.198487143225063392e+02	2.501186041721128041e-04
5.220290999999999713e+02	5.221622970666115862e+02	1.594343307970061256e-04
5.262826999999999771e+02	5.264170227421943764e+02	5.845669727565196051e-06
5.265711999999999762e+02	5.267055254855054045e+02	2.600795621873603866e-05
5.347708000000000084e+02	5.349071529875571969e+02	2.746510611353076555e-05
5.348283999999999878e+02	5.349647290014837608e+02	2.217064179717134632e-09
5.353391000000000304e+02	5.354756146149775304e+02	5.015836133503979354e-05
5.371330000000000382e+02	5.372699521061410906e+02	1.338712285453607948e-03
5.388343999999999596e+02	5.389716979840150088e+02	6.925421281417191062e-06
5.392331000000000358e+02	5.393705260300899909e+02	2.357491077209259789e-04
5.424645000000000437e+02	5.426027226813457673e+02	4.074530395076092644e-05
5.435857999999999493e+02	5.437242615121239169e+02	7.821259230675200135e-05
5.452861000000000331e+02	5.454249881345818949e+02	1.656392605722022745e-04
5.453229999999999791e+02	5.454618800483303858e+02	7.874204917396898673e-05
5.462492999999999483e+02	5.463884596592099570e+02	2.135997254496544220e-04
5.468103999999999587e+02	5.469496774295322439e+02	6.983701434016291638e-05
5.475430000000000064e+02	5.476824052408389889e+02	8.711997010434728030e-05
5.476903999999999542e+02	5.478298467251937609e+02	4.486012127245348965e-03
5.494880000000000564e+02	5.496279526593698392e+02	1.719194395802529267e-04
5.499406000000000176e+02	5.500806563896338730e+02	4.083903337700437501e-06
5.504094000000000051e+02	5.505495647480331627e+02	3.021026274195020631e-05
5.514792999999999665e+02	5.516197465033717435e+02	4.404149502335666388e-05
5.537105999999999995e+02	5.538515273978746336e+02	1.023755271088541520e-05
5.553690000000000282e+02	5.555104009406223895e+02	1.079749618499935497e-05
5.578718000000000075e+02	5.580138154481996935e+02	4.957408746095717442e-05
5.587857999999999947e+02	5.589279848653654881e+02	1.216530670267176406e-04
5.589357999999999720e+02	5.590780433341695925e+02	3.697779213200097113e-04
5.592261999999999489e+02	5.593684830067796838e+02	4.718130376531956018e-05
5.593736000000000104e+02	5.595158979109702386e+02	3.851045746223596142e-04
5.625317000000000007e+02	5.626748042288346596e+02	9.371556212845119638e-04
5.637119000000000142e+02	5.638552875181982245e+02	1.518107060357286537e-03
5.638746999999999616e+02	5.640181198861033636e+02	1.863995205408349256e-04
5.641880999999999631e+02	5.643316141782230488e+02	2.267537118429085140e-04
5.642604000000000042e+02	5.644039815565768095e+02	3.826125984506085153e-05
5.643078000000000429e+02	5.644513552909952523e+02	1.293580674822766201e-04
5.663985000000000127e+02	5.665425143530122796e+02	8.728105724576947595e-04
5.682199000000000524e+02	5.683643828031111980e+02	5.894064915249874878e-04
5.694982999999999720e+02	5.696431542037868212e+02	2.866007175181753928e-03
5.709545000000000528e+02	5.710996590747631672e+02	1.059615551818859214e-04
5.711888000000000147e+02	5.713340376603890718e+02	8.204265309370364098e-05
5.748351000000000113e+02	5.749811994506839028e+02	1.522648824005390723e-05
5.749297000000000253e+02	5.750758359042074517e+02	1.733351021578286304e-05
5.754655999999999949e+02	5.756118366501575565e+02	1.393203335404996233e-04
5.760829999999999700e+02	5.762294142780733637e+02	2.346910092077166270e-04
5.805217000000000098e+02	5.806691729012483165e+02	5.729719518658409495e-04
5.846993999999999687e+02	5.848478825595071839e+02	1.046709261263048898e-05
5.892871999999999844e+02	5.894368048867439711e+02	1.272750497733762744e-04
5.996730000000000018e+02	5.998252117303450177e+02	3.364962358603598193e-04
6.007309999999999945e+02	6.008834441664845372e+02	8.456000436095624417e-06
6.025753999999999451e+02	6.027283057120008607e+02	6.665738673591997654e-05
6.039298000000000002e+02	6.040830363276523940e+02	7.342696671407756062e-05
6.053685000000000400e+02	6.055221069321466985e+02	2.053940280201013409e-04
6.086281999999999925e+02	6.087825419044223736e+02	1.139686604159809201e-03
6.105761999999999716e+02	6.107310920332978412e+02	9.120301547092644770e-05
6.108115999999999985e+02	6.109665091442780067e+02	5.759849881733907097e-05
6.111069999999999709e+02	6.112620353902381112e+02	1.777626644325649399e-04
6.119756999999999607e+02	6.121308837661138114e+02	2.873342310419863075e-04
6.128972999999999729e+02	6.130527522544058456e+02	5.414569287749286065e-06
6.130135000000000218e+02	6.131689471547465473e+02	8.249176126632674390e-04
6.133962999999999965e+02	6.135518258872953083e+02	2.967554348095137730e-05
6.175366999999999962e+02	6.176932243728485901e+02	2.225720259945368224e-03
6.176811000000000149e+02	6.178377525909369297e+02	2.756344862568443845e-04
6.177241999999999962e+02	6.178807768208387188e+02	6.893177996781634947e-06
6.186711000000000240e+02	6.188279474134179736e+02	2.147049491123838153e-04
6.198624999999999545e+02	6.200196253661973742e+02	7.124979675274801497e-05
6.204604000000000497e+02	6.206176878408485891e+02	8.527115317056889736e-05
6.223984000000000378e+02	6.225561478228203214e+02	1.392307855891769422e-04
6.230089000000000397e+02	6.231668052295991629e+02	1.646033361691049053e-04
6.256354999999999791e+02	6.257940826175337179e+02	7.798342134587695959e-05
6.271767999999999574e+02	6.273357525305483477e+02	4.902585629497868749e-06
6.272627999999999702e+02	6.274217963860285181e+02	5.957168169921131761e-05
6.314659000000000333e+02	6.316258394777057674e+02	2.547349715446155954e-04
6.316574000000000524e+02	6.318174784104915034e+02	4.433118842340112183e-05
6.322165999999999713e+02	6.323767368509759308e+02	1.239032018864581492e-04
6.327599000000000160e+02	6.329201607028227272e+02	8.164026920961857078e-06
6.364571999999999434e+02	6.366183653636561530e+02	1.551895542161695885e-06
6.370345999999999549e+02	6.371959441290200630e+02	4.604171040606782939e-05
6.375214999999999463e+02	6.376829813652334451e+02	1.543381816628782474e-05
6.378250000000000455e+02	6.379865673160705910e+02	1.562428331121440905e-04
6.384661999999999580e+02	6.386278864612469306e+02	2.028862928199130333e-04
6.404443999999999733e+02	6.406065480738043334e+02	6.962748546529768802e-11
6.414587000000000216e+02	6.416211499150849704e+02	6.480555934645232125e-05
6.421512999999999920e+02	6.423139434050867749e+02	4.174404287603090372e-05
6.437696999999999434e+02	6.439326730129797625e+02	7.475974328687724423e-11
6.482798000000000229e+02	6.484439501118841918e+02	2.473054321453046800e-05
6.489582000000000335e+02	6.491224460130584930e+02	1.589012082187710107e-10
6.532872999999999593e+02	6.534526513776496586e+02	7.604257978767150975e-06
6.586309999999999718e+02	6.587976480385945024e+02	2.837440237273421186e-05
6.598597999999999502e+02	6.600267502374890682e+02	1.706493862485046009e-04
6.604290999999999485e+02	6.605961940064427154e+02	7.163183669232152104e-11
6.635122000000000071e+02	6.636800998948367578e+02	1.617813218377254440e-04
6.643630000000000564e+02	6.645310987034023356e+02	6.390765594455719858e-05
6.661323999999999614e+02	6.663008777192012531e+02	1.577856350467225863e-04
6.730252000000000407e+02	6.731953507251046176e+02	9.327399402933321066e-12
6.767771999999999935e+02	6.769483248194223961e+02	1.252098681556046563e-04
6.772314999999999827e+02	6.774027290350401245e+02	3.419126490595619989e-04
6.786979999999999791e+02	6.788696043762162162e+02	3.695798182808893298e-11
6.842037000000000262e+02	6.843766187720085554e+02	1.933504761654560879e-04
6.850390999999999622e+02	6.852122011444944292e+02	2.591454592259580822e-05
6.914559000000000424e+02	6.916306109529567721e+02	1.337130090097148072e-04
6.941644000000000005e+02	6.943397762945509157e+02	1.884032539131551812e-11
6.973509999999999991e+02	6.975271657071091340e+02	1.470827780076332377e-04
7.001540999999999713e+02	7.003309266937939128e+02	2.319173083623801273e-06
7.002007999999999583e+02	7.003776720595074039e+02	2.985252517212168962e-10
7.002007999999999583e+02	7.003776720595074039e+02	1.114494273092543312e-11
7.030010999999999513e+02	7.031786790166399896e+02	3.105229511954759469e-05
7.034371999999999616e+02	7.036148261841539124e+02	1.613718435998306471e-05
7.062956000000000358e+02	7.064739295760992945e+02	3.256926834802652482e-06
7.110883999999999787e+02	7.112679171338443211e+02	9.214617540599294801e-06
7.122196999999999889e+02	7.123995212571825277e+02	1.563122121268048894e-03
7.130236999999999625e+02	7.132037384160965985e+02	3.888505292293895739e-11
7.193940999999999804e+02	7.195756737208967024e+02	1.801476420924703417e-11
7.197010000000000218e+02	7.198827054114539123e+02	3.211152311656553207e-05
7.218736000000000104e+02	7.220558128002801368e+02	2.433750312265634109e-11
7.220753999999999451e+02	7.222576419742670168e+02	3.295480827743494778e-04
7.243984000000000378e+02	7.245811954657111755e+02	1.065523881808114053e-11
7.261917999999999438e+02	7.263750857458870769e+02	2.970287465849906166e-05
7.286531999999999698e+02	7.288370538273641159e+02	2.836808318925523160e-05
7.291449000000000069e+02	7.293288662955015980e+02	1.250265617575831272e-05
7.327648000000000366e+02	7.329496947238188795e+02	4.424008748820734910e-05
7.381930999999999585e+02	7.383793586296089870e+02	5.391074106739295827e-04
7.385238000000000511e+02	7.387100715782754605e+02	7.703638319468907286e-05
7.393676000000000386e+02	7.395541495097039615e+02	1.021228208217791890e-11
7.395806999999999789e+02	7.397673038215996257e+02	6.366017273242211726e-12
7.395806999999999789e+02	7.397673038215996257e+02	1.556137555681429524e-12
7.401117000000000417e+02	7.402983709068573717e+02	4.933626982188003872e-04
7.414501999999999953e+02	7.416372734772638751e+02	3.809616620327349075e-05
7.422274999999999636e+02	7.424147421452618119e+02	1.058803364790588016e-03
7.464366999999999734e+02	7.466250110548298835e+02	7.280885131960017168e-11
7.464366999999999734e+02	7.466250110548298835e+02	7.467574494317966751e-13
7.481473999999999478e+02	7.483360385667349419e+02	3.099122335018396324e-04
7.488696999999999662e+02	7.490585449867709258e+02	1.236819541621477612e-05
7.507380000000000564e+02	7.509272875885803842e+02	2.514403096900168485e-11
7.714307999999999765e+02	7.716252231927971934e+02	5.136869813779899548e-05
7.727623999999999569e+02	7.729572088556814151e+02	7.546306955687545615e-04
7.788930000000000291e+02	7.790892796864892489e+02	3.052593652551829911e-05
7.908259000000000469e+02	7.910250966287696883e+02	2.898433979041944950e-11
7.929687999999999874e+02	7.931685255512538788e+02	3.453947771083304869e-15
7.989945000000000164e+02	7.991956932592344174e+02	5.820459160407760379e-14
8.111975999999999658e+02	8.114018460802042227e+02	3.030974636766040794e-13
8.194530999999999494e+02	8.196593859945479608e+02	4.081313275714751234e-11
8.201740999999999531e+02	8.203805194171411586e+02	6.411416954697396605e-10
8.201740999999999531e+02	8.203805194171411586e+02	1.249404329633338888e-12
8.466322000000000116e+02	8.468451982604200339e+02	7.166601199050049168e-13
8.832353000000000520e+02	8.834573704545914552e+02	9.068051368408460539e-11
8.843374000000000024e+02	8.845597387383946852e+02	2.591949325676726406e-10
8.843374000000000024e+02	8.845597387383946852e+02	3.049352147854972296e-13
9.887106999999999744e+02	9.889588376705708015e+02	1.636469003450955694e-11
1.165049400000000105e+03	1.165341325989949610e+03	9.483779476295767025e-13
3.119978999999999814e+03	3.119906488248783262e+03	3.431407757137020359e-11
3.952380000000000109e+03	3.952288558851765174e+03	2.153090811804508047e-12
4.519458999999999833e+03	4.519354711947998112e+03	7.294315702417512792e-12
4.788131999999999607e+03	4.788021376526080530e+03	2.096034961346122327e-11
5.893270000000000437e+03	5.893136270625327597e+03	2.561919650133478853e-12
7.506579999999999927e+03	7.506409331591746195e+03	1.724426543567560205e-11
8.281620000000000800e+03	8.281429607302554359e+03	9.049624502361246558e-15
1.130728000000000065e+04	1.130701784154270354e+04	2.801468798608733395e-12
1.200089999999999964e+04	1.200061958331753704e+04	1.221837072558649426e-12
1.481418000000000029e+04	1.481383508087887640e+04	6.600835016843656584e-13
3.529759999999999854e+04	3.529682949757532333e+04	8.467088558532767188e-15
8.054319999999999709e+04	8.054131688757380471e+04	2.078986588933247417e-16
