State	Vibr.	J	Energy	Index
X	0	0.5	0	0
X	0	0.5	3.92578272	1
X	0	1.5	3.93944772	2
X	0	1.5	11.79086148	3
X	0	2.5	11.81363648	4
X	0	2.5	23.59037792	5
X	0	3.5	23.62226292	6
X	0	3.5	39.323877	7
X	0	4.5	39.364872	8
X	0	4.5	58.990752	9
X	0	5.5	59.040857	10
X	0	5.5	82.59024452	11
X	0	6.5	82.64945952	12
X	0	6.5	110.12144448	13
X	0	7.5	110.18976948	14
X	0	7.5	141.58329012	15
X	0	8.5	141.66072512	16
X	0	8.5	176.974568	17
X	0	9.5	177.061113	18
X	0	9.5	216.293913	19
X	0	10.5	216.389568	20
X	1	0.5	2183.9129	22
X	1	0.5	2187.8007226	23
X	1	1.5	2187.8142976	24
X	1	1.5	2195.5897904	25
X	1	2.5	2195.6124154	26
X	1	2.5	2207.2752736	27
X	1	3.5	2207.3069486	28
X	1	3.5	2222.856715	29
X	1	4.5	2222.89744	30
X	1	4.5	2242.333505	31
X	1	5.5	2242.38328	32
X	1	5.5	2265.7048816	33
X	1	6.5	2265.7637066	34
X	1	6.5	2292.9699304	35
X	1	7.5	2293.0378054	36
X	1	7.5	2324.1275846	37
X	1	8.5	2324.2045096	38
X	1	8.5	2359.176625	39
X	1	9.5	2359.2626	40
X	1	9.5	2398.11568	41
X	1	10.5	2398.210705	42
X	2	0.5	4337.5041	44
X	2	0.5	4341.35390252	45
X	2	1.5	4341.36735752	46
X	2	1.5	4349.06680968	47
X	2	2.5	4349.08923468	48
X	2	2.5	4360.63803072	49
X	2	3.5	4360.66942572	50
X	2	3.5	4376.067107	51
X	2	4.5	4376.107472	52
X	2	4.5	4395.353427	53
X	2	5.5	4395.402762	54
X	2	5.5	4418.49622632	55
X	2	6.5	4418.55453132	56
X	2	6.5	4445.49458768	57
X	2	7.5	4445.56186268	58
X	2	7.5	4476.34744092	59
X	2	8.5	4476.42368592	60
X	2	8.5	4511.053563	61
X	2	9.5	4511.138778	62
X	2	9.5	4549.611578	63
X	2	10.5	4549.705763	64
Pi	0	1.5	20349.8219211826	66
Pi	0	1.5	20349.8219675822	67
Pi	0	2.5	20357.6193686008	68
Pi	0	2.5	20357.6195538535	69
Pi	0	3.5	20368.5354924747	70
Pi	0	3.5	20368.5359544029	71
Pi	0	4.5	20382.5700059103	72
Pi	0	4.5	20382.5709266971	73
Pi	0	5.5	20399.7225423455	74
Pi	0	5.5	20399.724147223	75
Pi	0	6.5	20419.9926523138	76
Pi	0	6.5	20419.9952079743	77
Pi	0	7.5	20443.3797995934	78
Pi	0	7.5	20443.3836123567	79
Pi	0	8.5	20469.8833568244	80
Pi	0	8.5	20469.8887705937	81
Pi	0	0.5	20470.35409556	82
Pi	0	0.5	20470.36755156	83
Pi	0	1.5	20475.1459104174	84
Pi	0	1.5	20475.1727760178	85
Pi	0	2.5	20483.1363795992	86
Pi	0	2.5	20483.1765623465	87
Pi	0	3.5	20494.3249196853	88
Pi	0	3.5	20494.3782817571	89
Pi	0	9.5	20499.5026006797	90
Pi	0	9.5	20499.509994726	91
Pi	0	4.5	20508.7107070897	92
Pi	0	4.5	20508.7770663029	93
Pi	0	5.5	20526.2926806145	94
Pi	0	5.5	20526.371811737	95
Pi	0	10.5	20532.236706684	96
Pi	0	10.5	20532.2464932955	97
Pi	0	6.5	20547.0695446862	98
Pi	0	6.5	20547.1611810257	99
Pi	0	7.5	20571.0397732066	100
Pi	0	7.5	20571.1436084433	101
Pi	0	8.5	20598.2016139356	102
Pi	0	8.5	20598.3173041663	103
Pi	0	9.5	20628.5530933203	104
Pi	0	9.5	20628.680259274	105
Pi	1	1.5	21884.6811664032	108
Pi	1	1.5	21884.6812111469	109
Pi	1	2.5	21892.3840569793	110
Pi	1	2.5	21892.3842356299	111
Pi	1	3.5	21903.1677853794	112
Pi	1	3.5	21903.168230878	113
Pi	1	4.5	21917.0320483398	114
Pi	1	4.5	21917.0329364593	115
Pi	1	5.5	21933.9764582889	116
Pi	1	5.5	21933.9780064037	117
Pi	1	6.5	21954.0005403129	118
Pi	1	6.5	21954.0030059069	119
Pi	1	7.5	21977.1037285432	120
Pi	1	7.5	21977.1074074869	121
Pi	1	8.5	22003.2853620395	122
Pi	1	8.5	22003.2905866675	123
Pi	1	0.5	22005.15400032	124
Pi	1	0.5	22005.16655832	125
Pi	1	1.5	22009.8866757968	126
Pi	1	1.5	22009.9117470531	127
Pi	1	2.5	22017.7782824207	128
Pi	1	2.5	22017.8157777701	129
Pi	1	3.5	22028.8282411406	130
Pi	1	3.5	22028.878027642	131
Pi	1	9.5	22032.5446802499	132
Pi	1	9.5	22032.5518172729	133
Pi	1	4.5	22043.0357346602	134
Pi	1	4.5	22043.0976365407	135
Pi	1	5.5	22060.3997098311	136
Pi	1	5.5	22060.4735097163	137
Pi	1	10.5	22064.8808181335	138
Pi	1	10.5	22064.8902664214	139
Pi	1	6.5	22080.9188806871	140
Pi	1	6.5	22081.0043210931	141
Pi	1	7.5	22104.5917320568	142
Pi	1	7.5	22104.6885171131	143
Pi	1	8.5	22131.4165236805	144
Pi	1	8.5	22131.5243210525	145
Pi	1	9.5	22161.3912947501	146
Pi	1	9.5	22161.5097377271	147
Pi	2	1.5	23392.665272792	150
Pi	2	1.5	23392.665319027	151
Pi	2	2.5	23400.2733437065	152
Pi	2	2.5	23400.2735283235	153
Pi	2	3.5	23410.924314262	154
Pi	2	3.5	23410.9247746795	155
Pi	2	4.5	23424.6178716778	156
Pi	2	4.5	23424.6187896426	157
Pi	2	5.5	23441.3536166465	158
Pi	2	5.5	23441.3552170044	159
Pi	2	6.5	23461.1310605038	160
Pi	2	6.5	23461.1336097094	161
Pi	2	7.5	23483.9496218545	162
Pi	2	7.5	23483.9534262475	163
Pi	2	8.5	23509.8086227215	164
Pi	2	8.5	23509.8140266015	165
Pi	2	0.5	23513.07040428	166
Pi	2	0.5	23513.08222428	167
Pi	2	1.5	23517.743728208	168
Pi	2	1.5	23517.7673219729	169
Pi	2	2.5	23525.5361780935	170
Pi	2	2.5	23525.5714534765	171
Pi	2	3.5	23536.447186818	172
Pi	2	3.5	23536.4940064005	173
Pi	2	9.5	23538.7072842929	174
Pi	2	9.5	23538.7146678258	175
Pi	2	4.5	23550.4759533222	176
Pi	2	4.5	23550.5341353574	177
Pi	2	5.5	23567.6214448335	178
Pi	2	5.5	23567.6907644756	179
Pi	2	10.5	23570.6447223453	180
Pi	2	10.5	23570.6544993368	181
Pi	2	6.5	23587.8823996962	182
Pi	2	6.5	23587.9625904906	183
Pi	2	7.5	23611.2573307455	184
Pi	2	7.5	23611.3480863525	185
Pi	2	8.5	23637.7445291585	186
Pi	2	8.5	23637.8455052785	187
Pi	2	9.5	23667.3420687071	188
Pi	2	9.5	23667.4528851742	189
Pi	3	1.5	24873.8101238294	192
Pi	3	1.5	24873.8101652294	193
Pi	3	2.5	24881.3233447568	194
Pi	3	2.5	24881.3235100756	195
Pi	3	3.5	24891.8415193602	196
Pi	3	3.5	24891.8419316782	197
Pi	3	4.5	24905.3643271012	198
Pi	3	4.5	24905.3651492392	199
Pi	3	5.5	24921.8913582365	200
Pi	3	5.5	24921.8927916847	201
Pi	3	6.5	24941.4221111646	202
Pi	3	6.5	24941.4243947835	203
Pi	3	7.5	24963.9559892639	204
Pi	3	7.5	24963.9593977805	205
Pi	3	8.5	24989.4922972817	206
Pi	3	8.5	24989.4971396077	207
Pi	3	0.5	24994.17195256	208
Pi	3	0.5	24994.18221056	209
Pi	3	1.5	24998.7863337706	210
Pi	3	1.5	24998.8068083706	211
Pi	3	2.5	25006.4800284432	212
Pi	3	2.5	25006.5106371244	213
Pi	3	3.5	25017.2524767998	214
Pi	3	3.5	25017.2930964818	215
Pi	3	9.5	25018.030237344	216
Pi	3	9.5	25018.0368547449	217
Pi	3	4.5	25031.1028888988	218
Pi	3	4.5	25031.1533567608	219
Pi	3	5.5	25048.0302467235	220
Pi	3	5.5	25048.0903612753	221
Pi	3	10.5	25049.568904657	222
Pi	3	10.5	25049.5776688025	223
Pi	3	6.5	25068.0333068354	224
Pi	3	6.5	25068.1028292165	225
Pi	3	7.5	25091.1106035361	226
Pi	3	7.5	25091.1892590195	227
Pi	3	8.5	25117.2604524783	228
Pi	3	8.5	25117.3479321523	229
Pi	3	9.5	25146.480954656	230
Pi	3	9.5	25146.5769172551	231
Pi	4	1.5	26328.1276276459	234
Pi	4	1.5	26328.1276660752	235
Pi	4	2.5	26335.5462371725	236
Pi	4	2.5	26335.5463906416	237
Pi	4	3.5	26345.9319520884	238
Pi	4	3.5	26345.9323348967	239
Pi	4	4.5	26359.284447098	240
Pi	4	4.5	26359.2852105079	241
Pi	4	5.5	26375.6033061556	242
Pi	4	5.5	26375.6046374457	243
Pi	4	6.5	26394.8880199945	244
Pi	4	6.5	26394.8901413092	245
Pi	4	7.5	26417.1379831803	246
Pi	4	7.5	26417.1411501972	247
Pi	4	8.5	26442.3524907444	248
Pi	4	8.5	26442.3569911818	249
Pi	4	0.5	26448.55104184	250
Pi	4	0.5	26448.55844784	251
Pi	4	1.5	26453.1072297541	252
Pi	4	1.5	26453.1220033248	253
Pi	4	2.5	26460.7029916275	254
Pi	4	2.5	26460.7250561584	255
Pi	4	9.5	26470.5307344604	256
Pi	4	9.5	26470.5368864499	257
Pi	4	3.5	26471.3377791516	258
Pi	4	3.5	26471.3670203433	259
Pi	4	4.5	26485.010818902	260
Pi	4	4.5	26485.0470854921	261
Pi	4	10.5	26501.6717988287	262
Pi	4	10.5	26501.6799491793	263
Pi	4	5.5	26501.7211142844	264
Pi	4	5.5	26501.7642189943	265
Pi	4	6.5	26521.4674480055	266
Pi	4	6.5	26521.5171686908	267
Pi	4	7.5	26544.2483850197	268
Pi	4	7.5	26544.3044660028	269
Pi	4	8.5	26570.0622758956	270
Pi	4	8.5	26570.1244294582	271
Pi	4	9.5	26598.9072605396	272
Pi	4	9.5	26598.9751685501	273
Pi	5	1.5	27756.0059272803	276
Pi	5	1.5	27756.005975823	277
Pi	5	2.5	27763.3314130879	278
Pi	5	2.5	27763.331606935	279
Pi	5	3.5	27773.5867114355	280
Pi	5	3.5	27773.5871949265	281
Pi	5	4.5	27786.7714579323	282
Pi	5	4.5	27786.7724220377	283
Pi	5	5.5	27802.8851879787	284
Pi	5	5.5	27802.8868690656	285
Pi	5	6.5	27821.9273344593	286
Pi	5	6.5	27821.9300127921	287
Pi	5	7.5	27843.8972249794	288
Pi	5	7.5	27843.9012229817	289
Pi	5	8.5	27868.7940786969	290
Pi	5	8.5	27868.7997590051	291
Pi	5	0.5	27875.9184396	292
Pi	5	0.5	27875.9339456	293
Pi	5	1.5	27880.4121327197	294
Pi	5	1.5	27880.443096177	295
Pi	5	2.5	27887.9064349121	296
Pi	5	2.5	27887.952759065	297
Pi	5	9.5	27896.6170028072	298
Pi	5	9.5	27896.6247661485	299
Pi	5	3.5	27898.4007901645	300
Pi	5	3.5	27898.4623306735	301
Pi	5	4.5	27911.8944120677	302
Pi	5	4.5	27911.9709779623	303
Pi	5	10.5	27927.3649887431	304
Pi	5	10.5	27927.3752716714	305
Pi	5	5.5	27928.3862856213	306
Pi	5	5.5	27928.4776405344	307
Pi	5	6.5	27947.8751695407	308
Pi	5	6.5	27947.9810332079	309
Pi	5	7.5	27970.3595990206	310
Pi	5	7.5	27970.4796490183	311
Pi	5	8.5	27995.8378889031	312
Pi	5	8.5	27995.971762595	313
Pi	5	9.5	28024.3081371928	314
Pi	5	9.5	28024.4554338515	315
Pi	6	1.5	29157.4395160593	318
Pi	6	1.5	29157.439547954	319
Pi	6	2.5	29164.6667324053	320
Pi	6	2.5	29164.6668597309	321
Pi	6	3.5	29174.7844785227	322
Pi	6	3.5	29174.7847959549	323
Pi	6	4.5	29187.7924082674	324
Pi	6	4.5	29187.7930408813	325
Pi	6	5.5	29203.6900780065	326
Pi	6	5.5	29203.6911803128	327
Pi	6	6.5	29222.4769442539	328
Pi	6	6.5	29222.4786990295	329
Pi	6	7.5	29244.1523608474	330
Pi	6	7.5	29244.1549777828	331
Pi	6	8.5	29268.7155757207	332
Pi	6	8.5	29268.7192899082	333
Pi	6	0.5	29276.38307304	334
Pi	6	0.5	29276.40822304	335
Pi	6	1.5	29280.8129113407	336
Pi	6	1.5	29280.863179446	337
Pi	6	2.5	29288.2039963947	338
Pi	6	2.5	29288.2793190691	339
Pi	6	9.5	29296.1657273282	340
Pi	6	9.5	29296.1707976185	341
Pi	6	3.5	29298.5557699173	342
Pi	6	3.5	29298.6560524851	343
Pi	6	4.5	29311.8674457326	344
Pi	6	4.5	29311.9925631187	345
Pi	6	10.5	29326.5018407883	346
Pi	6	10.5	29326.5085480414	347
Pi	6	5.5	29328.1380116335	348
Pi	6	5.5	29328.2878093272	349
Pi	6	6.5	29347.3662317461	350
Pi	6	6.5	29347.5405269705	351
Pi	6	7.5	29369.5506493526	352
Pi	6	7.5	29369.7492324172	353
Pi	6	8.5	29394.6895901193	354
Pi	6	8.5	29394.9122259318	355
Pi	6	9.5	29422.7811656718	356
Pi	6	9.5	29423.0275953815	357
B	0	0.5	45633.63829	360
B	0	0.5	45637.18628008	361
B	0	1.5	45637.21823008	362
B	0	1.5	45644.31401872	363
B	0	2.5	45644.36726872	364
B	0	2.5	45655.01047288	365
B	0	3.5	45655.08502288	366
B	0	3.5	45669.275068	367
B	0	4.5	45669.370918	368
B	0	4.5	45687.107038	369
B	0	5.5	45687.224188	370
B	0	5.5	45708.50542528	371
B	0	6.5	45708.64387528	372
B	0	6.5	45733.46908072	373
B	0	7.5	45733.62883072	374
B	0	7.5	45761.99666368	375
B	0	8.5	45762.17771368	376
B	0	8.5	45794.086642	377
B	0	9.5	45794.288992	378
B	0	9.5	45829.737292	379
B	0	10.5	45829.960942	380
B	1	0.5	47313.00436	382
B	1	0.5	47316.4928054	383
B	1	1.5	47316.5238554	384
B	1	1.5	47323.5005506	385
B	1	2.5	47323.5523006	386
B	1	2.5	47334.0168544	387
B	1	3.5	47334.0893044	388
B	1	3.5	47348.04113	389
B	1	4.5	47348.13428	390
B	1	4.5	47365.572595	391
B	1	5.5	47365.686445	392
B	1	5.5	47386.6102714	393
B	1	6.5	47386.7448214	394
B	1	6.5	47411.1529856	395
B	1	7.5	47411.3082356	396
B	1	7.5	47439.1993684	397
B	1	8.5	47439.3753184	398
B	1	8.5	47470.747855	399
B	1	9.5	47470.944505	400
B	1	9.5	47505.796685	401
B	1	10.5	47506.014035	402
B	2	0.5	48939.38234	404
B	2	0.5	48942.81137032	405
B	2	1.5	48942.84047032	406
B	2	1.5	48949.69832888	407
B	2	2.5	48949.74682888	408
B	2	2.5	48960.03311152	409
B	2	3.5	48960.10101152	410
B	2	3.5	48973.815112	411
B	2	4.5	48973.902412	412
B	2	4.5	48991.043522	413
B	2	5.5	48991.150222	414
B	2	5.5	49011.71733112	415
B	2	6.5	49011.84343112	416
B	2	6.5	49035.83532688	417
B	2	7.5	49035.98082688	418
B	2	7.5	49063.39609472	419
B	2	8.5	49063.56099472	420
B	2	8.5	49094.398018	421
B	2	9.5	49094.582318	422
B	2	9.5	49128.839278	423
B	2	10.5	49129.042978	424
