State	Vibr.	J	Energy	Index
X	0	0.5	0	0
X	0	0.5	3.92578272	1
X	0	1.5	3.93944772	2
X	0	1.5	11.79086148	3
X	0	2.5	11.81363648	4
X	0	2.5	23.59037792	5
X	0	3.5	23.62226292	6
X	0	3.5	39.323877	7
X	0	4.5	39.364872	8
X	0	4.5	58.990752	9
X	0	5.5	59.040857	10
X	0	5.5	82.59024452	11
X	0	6.5	82.64945952	12
X	0	6.5	110.12144448	13
X	0	7.5	110.18976948	14
X	0	7.5	141.58329012	15
X	0	8.5	141.66072512	16
X	0	8.5	176.974568	17
X	0	9.5	177.061113	18
X	0	9.5	216.293913	19
X	0	10.5	216.389568	20
X	0	10.5	259.53980832	21
X	0	11.5	259.64457332	22
X	0	11.5	306.71058548	23
X	0	12.5	306.82446048	24
X	0	12.5	357.80442432	25
X	0	13.5	357.92740932	26
X	0	13.5	412.819353	27
X	0	14.5	412.951448	28
X	0	14.5	471.753248	29
X	0	15.5	471.894453	30
X	0	15.5	534.60383412	31
X	0	16.5	534.75414912	32
X	0	16.5	601.36868448	33
X	0	17.5	601.52810948	34
X	0	17.5	672.04522052	35
X	0	18.5	672.21375552	36
X	0	18.5	746.630712	37
X	0	19.5	746.808357	38
X	0	19.5	825.122277	39
X	0	20.5	825.309032	40
X	1	0.5	2183.9129	65
X	1	0.5	2187.8007226	66
X	1	1.5	2187.8142976	67
X	1	1.5	2195.5897904	68
X	1	2.5	2195.6124154	69
X	1	2.5	2207.2752736	72
X	1	3.5	2207.3069486	73
X	1	3.5	2222.856715	74
X	1	4.5	2222.89744	75
X	1	4.5	2242.333505	76
X	1	5.5	2242.38328	77
X	1	5.5	2265.7048816	78
X	1	6.5	2265.7637066	79
X	1	6.5	2292.9699304	80
X	1	7.5	2293.0378054	81
X	1	7.5	2324.1275846	82
X	1	8.5	2324.2045096	83
X	1	8.5	2359.176625	86
X	1	9.5	2359.2626	87
X	1	9.5	2398.11568	88
X	1	10.5	2398.210705	89
X	1	10.5	2440.9432256	90
X	1	11.5	2441.0473006	91
X	1	11.5	2487.6575854	94
X	1	12.5	2487.7707104	95
X	1	12.5	2538.2569306	96
X	1	13.5	2538.3791056	97
X	1	13.5	2592.73928	98
X	1	14.5	2592.870505	99
X	1	14.5	2651.1025	102
X	1	15.5	2651.242775	103
X	1	15.5	2713.3443046	104
X	1	16.5	2713.4936296	105
X	1	16.5	2779.4622554	108
X	1	17.5	2779.6206304	109
X	1	17.5	2849.4537616	110
X	1	18.5	2849.6211866	111
X	1	18.5	2923.31608	114
X	1	19.5	2923.492555	115
X	1	19.5	3001.046315	116
X	1	20.5	3001.23184	117
X	2	0.5	4337.5041	158
X	2	0.5	4341.35390252	159
X	2	1.5	4341.36735752	160
X	2	1.5	4349.06680968	161
X	2	2.5	4349.08923468	162
X	2	2.5	4360.63803072	163
X	2	3.5	4360.66942572	164
X	2	3.5	4376.067107	167
X	2	4.5	4376.107472	168
X	2	4.5	4395.353427	169
X	2	5.5	4395.402762	170
X	2	5.5	4418.49622632	173
X	2	6.5	4418.55453132	174
X	2	6.5	4445.49458768	175
X	2	7.5	4445.56186268	176
X	2	7.5	4476.34744092	177
X	2	8.5	4476.42368592	178
X	2	8.5	4511.053563	181
X	2	9.5	4511.138778	182
X	2	9.5	4549.611578	183
X	2	10.5	4549.705763	184
X	2	10.5	4592.01995712	185
X	2	11.5	4592.12311212	186
X	2	11.5	4638.27701868	191
X	2	12.5	4638.38914368	192
X	2	12.5	4688.38092812	193
X	2	13.5	4688.50202312	194
X	2	13.5	4742.329698	195
X	2	14.5	4742.459763	196
X	2	14.5	4800.121188	201
X	2	15.5	4800.260223	202
X	2	15.5	4861.75310492	203
X	2	16.5	4861.90110992	204
X	2	16.5	4927.22300268	207
X	2	17.5	4927.37997768	208
X	2	17.5	4996.52828232	210
X	2	18.5	4996.69422732	211
X	2	18.5	5069.666192	214
X	2	19.5	5069.841107	215
X	2	19.5	5146.633827	216
X	2	20.5	5146.817712	217
Pi	0	1.5	20349.7683981034	300
Pi	0	1.5	20349.7684445727	301
Pi	0	2.5	20357.5659073333	302
Pi	0	2.5	20357.5660928595	303
Pi	0	3.5	20368.4821183648	304
Pi	0	3.5	20368.48258096	305
Pi	0	4.5	20382.5167449611	306
Pi	0	4.5	20382.5176670391	307
Pi	0	5.5	20399.6694214244	308
Pi	0	5.5	20399.6710284706	309
Pi	0	6.5	20419.9396993633	310
Pi	0	6.5	20419.942258324	311
Pi	0	7.5	20443.3270438479	312
Pi	0	7.5	20443.3308612712	313
Pi	0	8.5	20469.830829031	314
Pi	0	8.5	20469.8362489946	315
Pi	0	0.5	20470.306176053	316
Pi	0	0.5	20470.319529547	317
Pi	0	1.5	20475.0980549616	318
Pi	0	1.5	20475.1247139623	319
Pi	0	2.5	20483.0885982617	320
Pi	0	2.5	20483.1284671455	321
Pi	0	3.5	20494.2772240372	322
Pi	0	3.5	20494.330160238	323
Pi	0	9.5	20499.4503333248	324
Pi	0	9.5	20499.4577351881	325
Pi	0	4.5	20508.6631104839	326
Pi	0	4.5	20508.7289255159	327
Pi	0	5.5	20526.2451984586	328
Pi	0	5.5	20526.3236592464	329
Pi	0	10.5	20532.1847342244	330
Pi	0	10.5	20532.1945302451	331
Pi	0	6.5	20547.0221947117	332
Pi	0	6.5	20547.113025201	333
Pi	0	11.5	20568.0331028738	334
Pi	0	11.5	20568.0457357266	335
Pi	0	7.5	20570.9925757321	336
Pi	0	7.5	20571.0954587488	337
Pi	0	8.5	20598.154592126	338
Pi	0	8.5	20598.2691714484	339
Pi	0	12.5	20606.9943984659	340
Pi	0	12.5	20607.0103387031	341
Pi	0	9.5	20628.5062734402	342
Pi	0	9.5	20628.6321560469	343
Pi	0	13.5	20649.0674625677	344
Pi	0	13.5	20649.0872060562	345
Pi	0	10.5	20662.0454333386	346
Pi	0	10.5	20662.1821917919	347
Pi	0	14.5	20694.251013454	348
Pi	0	14.5	20694.2750788233	349
Pi	0	11.5	20698.7696750362	350
Pi	0	11.5	20698.9168499634	351
Pi	0	12.5	20738.6763968991	352
Pi	0	12.5	20738.8334995319	353
Pi	0	15.5	20742.5436405251	354
Pi	0	15.5	20742.5725666561	355
Pi	0	13.5	20781.7627981193	356
Pi	0	13.5	20781.9293128568	357
Pi	0	16.5	20793.9437988772	358
Pi	0	16.5	20793.9781424578	359
Pi	0	14.5	20828.025884381	360
Pi	0	14.5	20828.2012713417	361
Pi	0	17.5	20848.449804083	362
Pi	0	17.5	20848.4901372531	363
Pi	0	15.5	20877.4624734429	364
Pi	0	15.5	20877.6461709759	365
Pi	0	18.5	20906.0598272295	366
Pi	0	18.5	20906.1067353344	367
Pi	0	16.5	20930.0692005678	368
Pi	0	16.5	20930.2606276972	369
Pi	0	19.5	20966.7718902526	370
Pi	0	19.5	20966.825969718	371
Pi	0	17.5	20985.842523742	372
Pi	0	17.5	20986.0410825219	373
Pi	0	20.5	21030.5838615953	374
Pi	0	20.5	21030.645717936	375
Pi	0	18.5	21044.7787286375	376
Pi	0	18.5	21044.9838063986	377
Pi	0	19.5	21106.8739332774	380
Pi	0	19.5	21107.084904752	381
Pi	1	1.5	21884.7939049663	418
Pi	1	1.5	21884.793950595	419
Pi	1	2.5	21892.49664446	420
Pi	1	2.5	21892.4968266451	421
Pi	1	3.5	21903.2801645483	424
Pi	1	3.5	21903.2806188639	425
Pi	1	4.5	21917.1441655338	426
Pi	1	4.5	21917.1450712384	427
Pi	1	5.5	21934.0882645662	428
Pi	1	5.5	21934.0898433503	429
Pi	1	6.5	21954.1119926118	432
Pi	1	6.5	21954.1145070817	433
Pi	1	7.5	21977.2147908467	434
Pi	1	7.5	21977.218542771	435
Pi	1	8.5	22003.3960065438	438
Pi	1	8.5	22003.4013348979	439
Pi	1	0.5	22005.26627612	440
Pi	1	0.5	22005.27882212	441
Pi	1	1.5	22009.9988666337	442
Pi	1	1.5	22010.023913005	443
Pi	1	2.5	22017.89033034	444
Pi	1	2.5	22017.9277861549	445
Pi	1	3.5	22028.9400917717	446
Pi	1	3.5	22028.9898214561	447
Pi	1	9.5	22032.6548885387	448
Pi	1	9.5	22032.662167381	449
Pi	1	4.5	22043.1473384662	452
Pi	1	4.5	22043.2091627617	453
Pi	1	5.5	22060.5110233538	454
Pi	1	5.5	22060.5847205697	455
Pi	1	10.5	22064.9905823563	456
Pi	1	10.5	22065.0002185725	457
Pi	1	6.5	22081.0298677881	458
Pi	1	6.5	22081.1151753183	459
Pi	1	11.5	22100.4021250881	462
Pi	1	11.5	22100.4145560402	463
Pi	1	7.5	22104.7023651533	464
Pi	1	7.5	22104.798981229	465
Pi	1	8.5	22131.5267849762	466
Pi	1	8.5	22131.6343706221	467
Pi	1	12.5	22138.8884401048	468
Pi	1	12.5	22138.9041312205	469
Pi	1	9.5	22161.5011774613	472
Pi	1	9.5	22161.619358619	473
Pi	1	13.5	22180.4483316894	474
Pi	1	13.5	22180.4677740248	475
Pi	1	10.5	22194.6233783637	476
Pi	1	10.5	22194.7517481475	477
Pi	1	14.5	22225.0804796675	480
Pi	1	14.5	22225.1041874758	481
Pi	1	11.5	22230.8910141119	482
Pi	1	11.5	22231.0291351598	483
Pi	1	12.5	22270.3015070952	486
Pi	1	12.5	22270.4489139795	487
Pi	1	15.5	22272.7834341075	488
Pi	1	15.5	22272.8119424414	489
Pi	1	13.5	22312.8520810306	492
Pi	1	13.5	22313.0082826952	493
Pi	1	16.5	22323.5556101544	494
Pi	1	16.5	22323.5894725271	495
Pi	1	14.5	22358.5397663325	498
Pi	1	14.5	22358.7042485242	499
Pi	1	17.5	22377.3952830516	500
Pi	1	17.5	22377.4350691782	501
Pi	1	15.5	22407.3614054125	502
Pi	1	15.5	22407.5336330786	503
Pi	1	18.5	22434.3005833974	506
Pi	1	18.5	22434.3468770345	507
Pi	1	16.5	22459.3136578456	508
Pi	1	16.5	22459.4930774729	509
Pi	1	19.5	22494.2694926722	512
Pi	1	19.5	22494.3228895696	513
Pi	1	17.5	22514.3930053484	514
Pi	1	17.5	22514.5790472218	515
Pi	1	20.5	22557.2998390648	518
Pi	1	20.5	22557.3609450403	519
Pi	1	18.5	22572.5957565226	520
Pi	1	18.5	22572.7878368855	521
Pi	1	19.5	22633.9180513278	526
Pi	1	19.5	22634.1155744304	527
Pi	2	1.5	23392.8784715548	588
Pi	2	1.5	23392.8785199276	589
Pi	2	2.5	23400.4869888817	592
Pi	2	2.5	23400.4871821116	593
Pi	2	3.5	23411.1385822872	594
Pi	2	3.5	23411.1390644512	595
Pi	2	4.5	23424.8329377736	598
Pi	2	4.5	23424.8338997757	599
Pi	2	5.5	23441.5696548856	600
Pi	2	5.5	23441.5713334578	601
Pi	2	6.5	23461.3482439829	604
Pi	2	6.5	23461.3509204697	605
Pi	2	7.5	23484.1681229917	608
Pi	2	7.5	23484.1721219395	609
Pi	2	8.5	23510.0286137008	610
Pi	2	8.5	23510.0343012761	611
Pi	2	0.5	23513.27856884	613
Pi	2	0.5	23513.29117884	614
Pi	2	1.5	23517.9499844724	616
Pi	2	1.5	23517.9752528452	617
Pi	2	2.5	23525.7394616884	618
Pi	2	2.5	23525.7774849183	619
Pi	2	3.5	23536.6463977888	622
Pi	2	3.5	23536.6973199528	623
Pi	2	9.5	23538.9289376726	624
Pi	2	9.5	23538.9367199334	625
Pi	2	4.5	23550.6699612243	626
Pi	2	4.5	23550.7339732264	627
Pi	2	5.5	23567.8090939822	630
Pi	2	5.5	23567.8864325544	631
Pi	2	10.5	23570.8682118438	632
Pi	2	10.5	23570.8785328902	633
Pi	2	6.5	23588.0625145303	634
Pi	2	6.5	23588.1534610171	635
Pi	2	11.5	23605.8454438911	636
Pi	2	11.5	23605.8587839235	637
Pi	2	7.5	23611.4287212605	638
Pi	2	7.5	23611.5336002083	640
Pi	2	8.5	23637.9059963639	644
Pi	2	8.5	23638.0251739393	645
Pi	2	12.5	23643.8595274401	646
Pi	2	12.5	23643.8764007496	647
Pi	2	9.5	23667.4924100666	650
Pi	2	9.5	23667.6262923274	651
Pi	2	13.5	23684.9092371892	654
Pi	2	13.5	23684.9301901066	655
Pi	2	10.5	23700.1858251498	656
Pi	2	10.5	23700.3348561962	657
Pi	2	14.5	23728.9932240193	660
Pi	2	14.5	23729.0188328461	661
Pi	2	11.5	23735.9839016765	662
Pi	2	11.5	23736.1485617089	663
Pi	2	12.5	23774.8841018504	668
Pi	2	12.5	23775.0649051599	669
Pi	2	15.5	23776.1100101522	670
Pi	2	15.5	23776.140879097	671
Pi	2	13.5	23816.8836949334	674
Pi	2	13.5	23817.0811878508	675
Pi	2	16.5	23826.2579844171	678
Pi	2	16.5	23826.294743555	679
Pi	2	14.5	23861.9797621539	680
Pi	2	14.5	23862.1945209808	681
Pi	2	17.5	23879.435397672	684
Pi	2	17.5	23879.4787009478	685
Pi	2	15.5	23910.169201543	686
Pi	2	15.5	23910.4018304878	687
Pi	2	18.5	23935.6403584258	692
Pi	2	18.5	23935.6908817133	693
Pi	2	16.5	23961.448732645	696
Pi	2	16.5	23961.6998617829	697
Pi	2	19.5	23994.8708286929	700
Pi	2	19.5	23994.9292679246	701
Pi	2	17.5	24015.8149010522	702
Pi	2	17.5	24016.085184328	703
Pi	2	20.5	24057.1246201083	706
Pi	2	20.5	24057.1916894845	707
Pi	2	18.5	24073.2640827267	710
Pi	2	18.5	24073.5541960142	711
Pi	2	19.5	24133.7924880754	718
Pi	2	19.5	24134.1031273071	719
Pi	3	1.5	24873.9836682494	786
Pi	3	1.5	24873.9836907132	787
Pi	3	2.5	24881.4981307382	788
Pi	3	2.5	24881.4982204739	789
Pi	3	3.5	24892.0180357693	790
Pi	3	3.5	24892.0182596931	791
Pi	3	4.5	24905.5430473335	794
Pi	3	4.5	24905.5434941208	795
Pi	3	5.5	24922.0727329889	798
Pi	3	5.5	24922.0735126179	799
Pi	3	6.5	24941.6065611928	802
Pi	3	6.5	24941.6078043902	803
Pi	3	7.5	24964.1438981382	804
Pi	3	7.5	24964.1457557349	805
Pi	3	8.5	24989.6840041577	808
Pi	3	8.5	24989.6866463662	809
Pi	3	0.5	24994.33940152	810
Pi	3	0.5	24994.34551352	811
Pi	3	1.5	24998.9556434868	812
Pi	3	1.5	24998.9678899506	813
Pi	3	2.5	25006.6510059261	816
Pi	3	2.5	25006.6694316618	817
Pi	3	3.5	25017.4248840269	818
Pi	3	3.5	25017.4495559507	819
Pi	3	9.5	25018.2260297612	820
Pi	3	9.5	25018.2296453847	821
Pi	3	4.5	25031.2764378792	824
Pi	3	4.5	25031.3074446665	825
Pi	3	5.5	25048.2045947021	828
Pi	3	5.5	25048.2420463311	829
Pi	3	10.5	25049.7690113779	830
Pi	3	10.5	25049.7738069646	831
Pi	3	6.5	25068.2080516098	832
Pi	3	6.5	25068.2520788072	833
Pi	3	11.5	25084.3118668769	834
Pi	3	11.5	25084.3180658301	835
Pi	3	7.5	25091.2852788651	836
Pi	3	7.5	25091.3360324618	837
Pi	3	8.5	25117.4345235538	840
Pi	3	8.5	25117.4921737623	841
Pi	3	12.5	25121.853390937	844
Pi	3	12.5	25121.861232594	845
Pi	3	9.5	25146.6538136153	848
Pi	3	9.5	25146.7185492388	849
Pi	3	13.5	25162.3922503372	850
Pi	3	13.5	25162.4019890277	851
Pi	3	10.5	25178.9409621554	854
Pi	3	10.5	25179.0129897421	855
Pi	3	14.5	25205.9269792329	858
Pi	3	14.5	25205.9388833285	859
Pi	3	11.5	25214.2935719699	860
Pi	3	11.5	25214.3731149231	861
Pi	3	15.5	25252.4559744792	864
Pi	3	15.5	25252.4703254436	865
Pi	3	12.5	25252.709040206	866
Pi	3	12.5	25252.796337863	867
Pi	3	13.5	25294.1845630923	870
Pi	3	13.5	25294.2798697828	871
Pi	3	16.5	25301.977491056	872
Pi	3	16.5	25301.9945825059	873
Pi	3	14.5	25338.7171406715	878
Pi	3	14.5	25338.8207247671	879
Pi	3	17.5	25354.4896376426	882
Pi	3	17.5	25354.5097744261	883
Pi	3	15.5	25386.3035814764	884
Pi	3	15.5	25386.4157244408	885
Pi	3	18.5	25409.9903723821	890
Pi	3	18.5	25410.0138696823	891
Pi	3	16.5	25436.9405070941	892
Pi	3	16.5	25437.061502544	893
Pi	3	19.5	25468.4774988684	898
Pi	3	19.5	25468.5046813387	899
Pi	3	17.5	25490.624356574	900
Pi	3	17.5	25490.7545093574	901
Pi	3	20.5	25529.9486623814	904
Pi	3	20.5	25529.9798633159	905
Pi	3	18.5	25547.3513906377	906
Pi	3	18.5	25547.4910159379	907
Pi	3	19.5	25607.1176956613	916
Pi	3	19.5	25607.2671181316	917
Pi	4	1.5	26328.1954683369	984
Pi	4	1.5	26328.1955215088	985
Pi	4	2.5	26335.6155660788	986
Pi	4	2.5	26335.6157784335	987
Pi	4	3.5	26346.0033448023	988
Pi	4	3.5	26346.00387453	989
Pi	4	4.5	26359.3584656052	990
Pi	4	4.5	26359.3595221018	991
Pi	4	5.5	26375.6804972722	996
Pi	4	5.5	26375.6823398687	997
Pi	4	6.5	26394.9689139306	998
Pi	4	6.5	26394.9718503492	999
Pi	4	7.5	26417.223092242	1002
Pi	4	7.5	26417.2274768059	1003
Pi	4	8.5	26442.4423081832	1004
Pi	4	8.5	26442.4485398104	1005
Pi	4	0.5	26448.5928488	1006
Pi	4	0.5	26448.6007768	1007
Pi	4	1.5	26453.1482406631	1010
Pi	4	1.5	26453.1640434912	1011
Pi	4	2.5	26460.7428619212	1012
Pi	4	2.5	26460.7664335665	1013
Pi	4	9.5	26470.6257334757	1016
Pi	4	9.5	26470.6342534895	1017
Pi	4	3.5	26471.3761749977	1018
Pi	4	3.5	26471.40735727	1019
Pi	4	4.5	26485.0474183949	1020
Pi	4	4.5	26485.0860018982	1021
Pi	4	5.5	26501.7556085278	1026
Pi	4	10.5	26501.7724317265	1027
Pi	4	10.5	26501.7837215178	1028
Pi	4	5.5	26501.8013339313	1029
Pi	4	6.5	26521.4995420694	1030
Pi	4	6.5	26521.5521016508	1031
Pi	4	11.5	26535.881354345	1032
Pi	4	11.5	26535.8959329204	1033
Pi	4	7.5	26544.277798758	1034
Pi	4	7.5	26544.3368381941	1035
Pi	4	8.5	26570.0887446168	1038
Pi	4	8.5	26570.1538649896	1039
Pi	4	12.5	26572.9513363015	1040
Pi	4	12.5	26572.9697577521	1041
Pi	4	9.5	26598.9305355243	1044
Pi	4	9.5	26599.0012955105	1045
Pi	4	13.5	26612.9810917911	1048
Pi	4	13.5	26613.0039427149	1049
Pi	4	10.5	26630.8011210735	1050
Pi	4	10.5	26630.8770392822	1051
Pi	4	14.5	26655.9692098629	1054
Pi	4	14.5	26655.9971067729	1055
Pi	4	11.5	26665.698248655	1058
Pi	4	11.5	26665.7788060796	1059
Pi	4	15.5	26701.9141500722	1060
Pi	4	15.5	26701.9477368182	1061
Pi	4	12.5	26703.6194676985	1064
Pi	4	12.5	26703.7041102479	1065
Pi	4	13.5	26744.5621340089	1068
Pi	4	13.5	26744.6502750851	1069
Pi	4	16.5	26750.8142382058	1070
Pi	4	16.5	26750.8541834367	1071
Pi	4	14.5	26788.5234141371	1076
Pi	4	14.5	26788.6144372271	1077
Pi	4	17.5	26802.6676621268	1078
Pi	4	17.5	26802.7146568158	1079
Pi	4	15.5	26835.5002897278	1082
Pi	4	15.5	26835.5935509818	1083
Pi	4	18.5	26857.472467777	1084
Pi	4	18.5	26857.5272228297	1085
Pi	4	16.5	26885.4895617942	1090
Pi	4	16.5	26885.5843925633	1091
Pi	4	19.5	26915.2265553694	1093
Pi	4	19.5	26915.289799331	1095
Pi	4	17.5	26938.4878548732	1098
Pi	4	17.5	26938.5835641842	1099
Pi	4	20.5	26975.9276757974	1102
Pi	4	20.5	26976.0001526718	1103
Pi	4	18.5	26994.491621023	1104
Pi	4	18.5	26994.5874979703	1105
Pi	4	19.5	27053.4971436306	1112
Pi	4	19.5	27053.592459669	1113
Pi	5	1.5	27755.8804072803	1180
Pi	5	1.5	27755.880455823	1181
Pi	5	2.5	27763.2058930879	1184
Pi	5	2.5	27763.206086935	1185
Pi	5	3.5	27773.4611914355	1186
Pi	5	3.5	27773.4616749265	1187
Pi	5	4.5	27786.6459379323	1188
Pi	5	4.5	27786.6469020377	1189
Pi	5	5.5	27802.7596679787	1190
Pi	5	5.5	27802.7613490657	1191
Pi	5	6.5	27821.8018144593	1196
Pi	5	6.5	27821.8044927921	1197
Pi	5	7.5	27843.7717049794	1200
Pi	5	7.5	27843.7757029817	1201
Pi	5	8.5	27868.6685586969	1202
Pi	5	8.5	27868.674239005	1203
Pi	5	0.5	27875.7929196	1204
Pi	5	0.5	27875.8084256	1205
Pi	5	1.5	27880.2866127197	1206
Pi	5	1.5	27880.317576177	1207
Pi	5	2.5	27887.7809149121	1208
Pi	5	2.5	27887.827239065	1209
Pi	5	9.5	27896.4914828072	1212
Pi	5	9.5	27896.4992461485	1213
Pi	5	3.5	27898.2752701645	1214
Pi	5	3.5	27898.3368106735	1215
Pi	5	4.5	27911.7688920677	1218
Pi	5	4.5	27911.8454579623	1219
Pi	5	10.5	27927.2394687431	1220
Pi	5	10.5	27927.2497516714	1221
Pi	5	5.5	27928.2607656213	1222
Pi	5	5.5	27928.3521205344	1223
Pi	5	6.5	27947.7496495407	1228
Pi	5	6.5	27947.8555132079	1229
Pi	5	11.5	27960.9113881536	1230
Pi	5	11.5	27960.9246606774	1231
Pi	5	7.5	27970.2340790206	1232
Pi	5	7.5	27970.3541290183	1233
Pi	5	8.5	27995.7123689031	1236
Pi	5	8.5	27995.846242595	1237
Pi	5	12.5	27997.5059887249	1238
Pi	5	12.5	27997.5227518612	1239
Pi	5	9.5	28024.1826171928	1240
Pi	5	9.5	28024.3299138515	1241
Pi	5	13.5	28037.0218899067	1246
Pi	5	13.5	28037.0426731937	1247
Pi	5	10.5	28055.6427088569	1248
Pi	5	10.5	28055.8029919286	1249
Pi	5	14.5	28079.4575786028	1252
Pi	5	14.5	28079.4829376026	1253
Pi	5	11.5	28090.0903198464	1254
Pi	5	11.5	28090.2631193226	1255
Pi	5	15.5	28124.8114048826	1258
Pi	5	15.5	28124.8419187008	1259
Pi	5	12.5	28127.5229212751	1260
Pi	5	12.5	28127.7077361388	1261
Pi	5	13.5	28167.9377836933	1266
Pi	5	13.5	28168.1340844063	1267
Pi	5	16.5	28173.0815777628	1268
Pi	5	16.5	28173.1178466126	1269
Pi	5	14.5	28211.3319813972	1273
Pi	5	14.5	28211.5392123974	1274
Pi	5	17.5	28224.2661611047	1276
Pi	5	17.5	28224.3088039356	1277
Pi	5	15.5	28257.7023967174	1280
Pi	5	15.5	28257.9199788992	1281
Pi	5	18.5	28278.3630696654	1282
Pi	5	18.5	28278.4127218777	1283
Pi	5	16.5	28307.0457242372	1288
Pi	5	16.5	28307.2730573874	1289
Pi	5	19.5	28335.3700653352	1290
Pi	5	19.5	28335.427376594	1291
Pi	5	17.5	28359.3584748953	1296
Pi	5	17.5	28359.5949400644	1297
Pi	5	20.5	28395.284753586	1298
Pi	5	20.5	28395.3503857491	1299
Pi	5	18.5	28414.6369799346	1302
Pi	5	18.5	28414.8819417223	1303
Pi	5	19.5	28472.8773946648	1310
Pi	5	19.5	28473.130203406	1311
Pi	6	1.5	29157.0449409026	1378
Pi	6	1.5	29157.0449571455	1379
Pi	6	2.5	29164.2794269575	1380
Pi	6	2.5	29164.2794917976	1381
Pi	6	3.5	29174.4068421667	1382
Pi	6	3.5	29174.4070038098	1383
Pi	6	4.5	29187.4263254321	1386
Pi	6	4.5	29187.4266475511	1387
Pi	6	5.5	29203.3367685993	1388
Pi	6	5.5	29203.3373298352	1389
Pi	6	6.5	29222.1368139913	1392
Pi	6	6.5	29222.1377073463	1393
Pi	6	7.5	29243.8248514776	1396
Pi	6	7.5	29243.826183614	1397
Pi	6	8.5	29268.399015135	1400
Pi	6	8.5	29268.4009055916	1401
Pi	6	0.5	29276.0088086	1402
Pi	6	0.5	29276.0226446	1403
Pi	6	1.5	29280.4453780974	1404
Pi	6	1.5	29280.4730338545	1405
Pi	6	2.5	29287.8436400425	1406
Pi	6	2.5	29287.8850832024	1407
Pi	6	9.5	29295.8571795589	1408
Pi	6	9.5	29295.8597598988	1409
Pi	6	3.5	29298.2026384333	1410
Pi	6	3.5	29298.2578207902	1411
Pi	6	4.5	29311.5210335679	1416
Pi	6	4.5	29311.5898914488	1417
Pi	6	10.5	29326.1969558911	1418
Pi	6	10.5	29326.2003687956	1419
Pi	6	5.5	29327.7971040007	1420
Pi	6	5.5	29327.8795587648	1421
Pi	6	6.5	29347.0287490087	1424
Pi	6	6.5	29347.1247076537	1425
Pi	6	11.5	29359.4156876288	1428
Pi	6	11.5	29359.4200859507	1429
Pi	6	7.5	29369.2134915224	1430
Pi	6	7.5	29369.322847386	1431
Pi	6	8.5	29394.348481465	1432
Pi	6	8.5	29394.4711150084	1433
Pi	6	12.5	29395.51044628	1434
Pi	6	12.5	29395.5159920725	1435
Pi	6	9.5	29422.4304994411	1438
Pi	6	9.5	29422.5662791012	1439
Pi	6	13.5	29434.4780269313	1440
Pi	6	13.5	29434.4848904637	1441
Pi	6	10.5	29453.4559607089	1446
Pi	6	10.5	29453.6047438044	1447
Pi	6	14.5	29476.3149437875	1448
Pi	6	14.5	29476.3233025624	1449
Pi	6	11.5	29487.4209193712	1450
Pi	6	11.5	29487.5825530493	1451
Pi	6	15.5	29521.0174257395	1456
Pi	6	15.5	29521.0274635226	1457
Pi	6	12.5	29524.32107272	1458
Pi	6	12.5	29524.4953949275	1459
Pi	6	13.5	29564.1517656687	1462
Pi	6	13.5	29564.3386061363	1463
Pi	6	16.5	29568.5814120131	1464
Pi	6	16.5	29568.5933178854	1465
Pi	6	14.5	29606.9079952125	1470
Pi	6	14.5	29607.1071764376	1471
Pi	6	17.5	29619.0025479417	1472
Pi	6	17.5	29619.0165153846	1473
Pi	6	15.5	29652.5844148605	1478
Pi	6	15.5	29652.7957530774	1479
Pi	6	18.5	29672.2761809039	1480
Pi	6	18.5	29672.2924069226	1481
Pi	6	16.5	29701.1753389869	1484
Pi	6	16.5	29701.3986451146	1485
Pi	6	19.5	29728.3973564553	1488
Pi	6	19.5	29728.4160407493	1489
Pi	6	17.5	29752.6747470583	1492
Pi	6	17.5	29752.9098276154	1493
Pi	6	20.5	29787.360814683	1496
Pi	6	20.5	29787.382158866	1497
Pi	6	18.5	29807.0762876961	1500
Pi	6	18.5	29807.3229456774	1501
Pi	6	19.5	29864.3732825447	1508
Pi	6	19.5	29864.6313182507	1509
B	0	0.5	45632.5334	1686
B	0	0.5	45636.08139008	1687
B	0	1.5	45636.11334008	1688
B	0	1.5	45643.20912872	1689
B	0	2.5	45643.26237872	1690
B	0	2.5	45653.90558288	1691
B	0	3.5	45653.98013288	1692
B	0	3.5	45668.170178	1693
B	0	4.5	45668.266028	1694
B	0	4.5	45686.002148	1695
B	0	5.5	45686.119298	1696
B	0	5.5	45707.40053528	1697
B	0	6.5	45707.53898528	1698
B	0	6.5	45732.36419072	1699
B	0	7.5	45732.52394072	1700
B	0	7.5	45760.89177368	1701
B	0	8.5	45761.07282368	1702
B	0	8.5	45792.981752	1703
B	0	9.5	45793.184102	1704
B	0	9.5	45828.632402	1705
B	0	10.5	45828.856052	1706
B	0	10.5	45867.84180848	1707
B	0	11.5	45868.08675848	1708
B	0	11.5	45910.60786472	1709
B	0	12.5	45910.87411472	1710
B	0	12.5	45956.92827248	1711
B	0	13.5	45957.21582248	1712
B	0	13.5	46006.800542	1713
B	0	14.5	46007.109392	1714
B	0	14.5	46060.221992	1715
B	0	15.5	46060.552142	1716
B	0	15.5	46117.18974968	1717
B	0	16.5	46117.54119968	1718
B	0	16.5	46177.70075072	1719
B	0	17.5	46178.07350072	1720
B	0	17.5	46241.75173928	1721
B	0	18.5	46242.14578928	1722
B	0	18.5	46309.339268	1723
B	0	19.5	46309.754618	1724
B	0	19.5	46380.459698	1725
B	0	20.5	46380.896348	1726
B	1	0.5	47311.8995	1747
B	1	0.5	47315.3879454	1748
B	1	1.5	47315.4189954	1749
B	1	1.5	47322.3956906	1750
B	1	2.5	47322.4474406	1751
B	1	2.5	47332.9119944	1752
B	1	3.5	47332.9844444	1753
B	1	3.5	47346.93627	1754
B	1	4.5	47347.02942	1755
B	1	4.5	47364.467735	1756
B	1	5.5	47364.581585	1757
B	1	5.5	47385.5054114	1758
B	1	6.5	47385.6399614	1759
B	1	6.5	47410.0481256	1762
B	1	7.5	47410.2033756	1763
B	1	7.5	47438.0945084	1764
B	1	8.5	47438.2704584	1765
B	1	8.5	47469.642995	1766
B	1	9.5	47469.839645	1767
B	1	9.5	47504.691825	1768
B	1	10.5	47504.909175	1769
B	1	10.5	47543.2390424	1772
B	1	11.5	47543.4770924	1773
B	1	11.5	47585.2824956	1774
B	1	12.5	47585.5412456	1775
B	1	12.5	47630.8198374	1778
B	1	13.5	47631.0992874	1779
B	1	13.5	47679.848525	1780
B	1	14.5	47680.148675	1781
B	1	14.5	47732.36582	1782
B	1	15.5	47732.68667	1783
B	1	15.5	47788.3687884	1786
B	1	16.5	47788.7103384	1787
B	1	16.5	47847.8543006	1788
B	1	17.5	47848.2165506	1789
B	1	17.5	47910.8190314	1792
B	1	18.5	47911.2019814	1793
B	1	18.5	47977.25946	1794
B	1	19.5	47977.66311	1795
B	1	19.5	48047.17187	1798
B	1	20.5	48047.59622	1799
B	2	0.5	48938.2774	1832
B	2	0.5	48941.70643032	1833
B	2	1.5	48941.73553032	1834
B	2	1.5	48948.59338888	1835
B	2	2.5	48948.64188888	1836
B	2	2.5	48958.92817152	1837
B	2	3.5	48958.99607152	1838
B	2	3.5	48972.710172	1839
B	2	4.5	48972.797472	1840
B	2	4.5	48989.938582	1843
B	2	5.5	48990.045282	1844
B	2	5.5	49010.61239112	1845
B	2	6.5	49010.73849112	1846
B	2	6.5	49034.73038688	1847
B	2	7.5	49034.87588688	1848
B	2	7.5	49062.29115472	1851
B	2	8.5	49062.45605472	1852
B	2	8.5	49093.293078	1853
B	2	9.5	49093.477378	1854
B	2	9.5	49127.734338	1855
B	2	10.5	49127.938038	1856
B	2	10.5	49165.61291392	1861
B	2	11.5	49165.83601392	1862
B	2	11.5	49206.92658288	1863
B	2	12.5	49207.16908288	1864
B	2	12.5	49251.67291992	1865
B	2	13.5	49251.93481992	1866
B	2	13.5	49299.849298	1871
B	2	14.5	49300.130598	1872
B	2	14.5	49351.452888	1873
B	2	15.5	49351.753588	1874
B	2	15.5	49406.48065872	1877
B	2	16.5	49406.80075872	1878
B	2	16.5	49464.92937688	1881
B	2	17.5	49465.26887688	1882
B	2	17.5	49526.79560712	1885
B	2	18.5	49527.15450712	1886
B	2	18.5	49592.075712	1887
B	2	19.5	49592.454012	1888
B	2	19.5	49660.765852	1893
B	2	20.5	49661.163552	1894
