State	Vibr.	J	Energy	Index
X	0	0.5	0	0
X	0	0.5	3.92578272	1
X	0	1.5	3.93944772	2
X	0	1.5	11.79086148	3
X	0	2.5	11.81363648	4
X	0	2.5	23.59037792	5
X	0	3.5	23.62226292	6
X	0	3.5	39.323877	7
X	0	4.5	39.364872	8
X	0	4.5	58.990752	9
X	0	5.5	59.040857	10
X	0	5.5	82.59024452	11
X	0	6.5	82.64945952	12
X	0	6.5	110.12144448	13
X	0	7.5	110.18976948	14
X	0	7.5	141.58329012	15
X	0	8.5	141.66072512	16
X	0	8.5	176.974568	17
X	0	9.5	177.061113	18
X	0	9.5	216.293913	19
X	0	10.5	216.389568	20
X	0	10.5	259.53980832	21
X	0	11.5	259.64457332	22
X	0	11.5	306.71058548	23
X	0	12.5	306.82446048	24
X	0	12.5	357.80442432	25
X	0	13.5	357.92740932	26
X	0	13.5	412.819353	27
X	0	14.5	412.951448	28
X	0	14.5	471.753248	29
X	0	15.5	471.894453	30
X	0	15.5	534.60383412	31
X	0	16.5	534.75414912	32
X	0	16.5	601.36868448	33
X	0	17.5	601.52810948	34
X	0	17.5	672.04522052	35
X	0	18.5	672.21375552	36
X	0	18.5	746.630712	37
X	0	19.5	746.808357	38
X	0	19.5	825.122277	39
X	0	20.5	825.309032	40
X	1	0.5	2183.9129	65
X	1	0.5	2187.8007226	66
X	1	1.5	2187.8142976	67
X	1	1.5	2195.5897904	68
X	1	2.5	2195.6124154	69
X	1	2.5	2207.2752736	72
X	1	3.5	2207.3069486	73
X	1	3.5	2222.856715	74
X	1	4.5	2222.89744	75
X	1	4.5	2242.333505	76
X	1	5.5	2242.38328	77
X	1	5.5	2265.7048816	78
X	1	6.5	2265.7637066	79
X	1	6.5	2292.9699304	80
X	1	7.5	2293.0378054	81
X	1	7.5	2324.1275846	82
X	1	8.5	2324.2045096	83
X	1	8.5	2359.176625	86
X	1	9.5	2359.2626	87
X	1	9.5	2398.11568	88
X	1	10.5	2398.210705	89
X	1	10.5	2440.9432256	90
X	1	11.5	2441.0473006	91
X	1	11.5	2487.6575854	94
X	1	12.5	2487.7707104	95
X	1	12.5	2538.2569306	96
X	1	13.5	2538.3791056	97
X	1	13.5	2592.73928	98
X	1	14.5	2592.870505	99
X	1	14.5	2651.1025	102
X	1	15.5	2651.242775	103
X	1	15.5	2713.3443046	104
X	1	16.5	2713.4936296	105
X	1	16.5	2779.4622554	108
X	1	17.5	2779.6206304	109
X	1	17.5	2849.4537616	110
X	1	18.5	2849.6211866	111
X	1	18.5	2923.31608	114
X	1	19.5	2923.492555	115
X	1	19.5	3001.046315	116
X	1	20.5	3001.23184	117
X	2	0.5	4337.5041	158
X	2	0.5	4341.35390252	159
X	2	1.5	4341.36735752	160
X	2	1.5	4349.06680968	161
X	2	2.5	4349.08923468	162
X	2	2.5	4360.63803072	163
X	2	3.5	4360.66942572	164
X	2	3.5	4376.067107	167
X	2	4.5	4376.107472	168
X	2	4.5	4395.353427	169
X	2	5.5	4395.402762	170
X	2	5.5	4418.49622632	173
X	2	6.5	4418.55453132	174
X	2	6.5	4445.49458768	175
X	2	7.5	4445.56186268	176
X	2	7.5	4476.34744092	177
X	2	8.5	4476.42368592	178
X	2	8.5	4511.053563	181
X	2	9.5	4511.138778	182
X	2	9.5	4549.611578	183
X	2	10.5	4549.705763	184
X	2	10.5	4592.01995712	185
X	2	11.5	4592.12311212	186
X	2	11.5	4638.27701868	191
X	2	12.5	4638.38914368	192
X	2	12.5	4688.38092812	193
X	2	13.5	4688.50202312	194
X	2	13.5	4742.329698	195
X	2	14.5	4742.459763	196
X	2	14.5	4800.121188	201
X	2	15.5	4800.260223	202
X	2	15.5	4861.75310492	203
X	2	16.5	4861.90110992	204
X	2	16.5	4927.22300268	207
X	2	17.5	4927.37997768	208
X	2	17.5	4996.52828232	210
X	2	18.5	4996.69422732	211
X	2	18.5	5069.666192	214
X	2	19.5	5069.841107	215
X	2	19.5	5146.633827	216
X	2	20.5	5146.817712	217
X	3	0.5	6460.7604	258
X	3	0.5	6464.57199432	259
X	3	1.5	6464.58528432	260
X	3	1.5	6472.20831888	261
X	3	2.5	6472.23046888	262
X	3	2.5	6483.66463552	263
X	3	3.5	6483.69564552	264
X	3	3.5	6498.940482	267
X	3	4.5	6498.980352	268
X	3	4.5	6518.035242	269
X	3	5.5	6518.083972	270
X	3	5.5	6540.94814512	271
X	3	6.5	6541.00573512	272
X	3	6.5	6567.67826688	275
X	3	7.5	6567.74471688	276
X	3	7.5	6598.22452872	277
X	3	8.5	6598.29983872	278
X	3	8.5	6632.585698	281
X	3	9.5	6632.669868	282
X	3	9.5	6670.760388	283
X	3	10.5	6670.853418	284
X	3	10.5	6712.74705792	285
X	3	11.5	6712.84894792	286
X	3	11.5	6758.54401288	290
X	3	12.5	6758.65476288	292
X	3	12.5	6808.14940392	293
X	3	13.5	6808.26901392	294
X	3	13.5	6861.561228	295
X	3	14.5	6861.689698	296
X	3	14.5	6918.777328	299
X	3	15.5	6918.914658	300
X	3	15.5	6979.79539272	303
X	3	16.5	6979.94158272	304
X	3	16.5	7044.61295688	307
X	3	17.5	7044.76800688	308
X	3	17.5	7113.22740112	310
X	3	18.5	7113.39131112	311
X	3	18.5	7185.635952	314
X	3	19.5	7185.808722	315
X	3	19.5	7261.835682	316
X	3	20.5	7262.017312	317
X	4	0.5	8553.6684	358
X	4	0.5	8557.44153444	359
X	4	1.5	8557.45462944	360
X	4	1.5	8565.00074496	361
X	4	2.5	8565.02256996	362
X	4	2.5	8576.34135984	363
X	4	3.5	8576.37191484	364
X	4	3.5	8591.462919	365
X	4	4.5	8591.502204	366
X	4	4.5	8610.364809	369
X	4	5.5	8610.412824	370
X	4	5.5	8633.04626304	371
X	4	6.5	8633.10300804	372
X	4	6.5	8659.50636096	375
X	4	7.5	8659.57183596	376
X	4	7.5	8689.74402924	377
X	4	8.5	8689.81823424	378
X	4	8.5	8723.758041	379
X	4	9.5	8723.840976	380
X	4	9.5	8761.547016	383
X	4	10.5	8761.638681	384
X	4	10.5	8803.10942064	385
X	4	11.5	8803.20981564	386
X	4	11.5	8848.44356796	389
X	4	12.5	8848.55269296	390
X	4	12.5	8897.54761764	393
X	4	13.5	8897.66547264	394
X	4	13.5	8950.419576	395
X	4	14.5	8950.546161	396
X	4	14.5	9007.057296	399
X	4	15.5	9007.192611	400
X	4	15.5	9067.45847724	403
X	4	16.5	9067.60252224	404
X	4	16.5	9131.62066596	405
X	4	17.5	9131.77344096	406
X	4	17.5	9199.54125504	409
X	4	18.5	9199.70276004	410
X	4	18.5	9271.217484	412
X	4	19.5	9271.387719	413
X	4	19.5	9346.646439	416
X	4	20.5	9346.825404	417
X	5	0.5	10616.215	458
X	5	0.5	10619.9498102	459
X	5	1.5	10619.9626802	460
X	5	1.5	10627.4321458	461
X	5	2.5	10627.4535958	462
X	5	2.5	10638.6574072	463
X	5	3.5	10638.6874372	464
X	5	3.5	10653.62513	465
X	5	4.5	10653.66374	466
X	5	4.5	10672.334695	469
X	5	5.5	10672.381885	470
X	5	5.5	10694.7853282	471
X	5	6.5	10694.8410982	472
X	5	6.5	10720.9761008	473
X	5	7.5	10721.0404508	474
X	5	7.5	10750.9059292	477
X	5	8.5	10750.9788592	478
X	5	8.5	10784.573575	479
X	5	9.5	10784.655085	480
X	5	9.5	10821.977645	483
X	5	10.5	10822.067735	484
X	5	10.5	10863.1165912	485
X	5	11.5	10863.2152612	486
X	5	11.5	10907.9887108	487
X	5	12.5	10908.0959608	488
X	5	12.5	10956.5921462	493
X	5	13.5	10956.7079762	494
X	5	13.5	11008.924885	495
X	5	14.5	11009.049295	496
X	5	14.5	11064.98476	499
X	5	15.5	11065.11775	500
X	5	15.5	11124.7694492	503
X	5	16.5	11124.9110192	504
X	5	16.5	11188.2764758	505
X	5	17.5	11188.4266258	506
X	5	17.5	11255.5032082	509
X	5	18.5	11255.6619382	510
X	5	18.5	11326.44686	512
X	5	19.5	11326.61417	513
X	5	19.5	11401.10449	516
X	5	20.5	11401.28038	517
X	6	0.5	12648.3869	558
X	6	0.5	12652.08322628	559
X	6	1.5	12652.09584128	560
X	6	1.5	12659.48833952	561
X	6	2.5	12659.50936452	562
X	6	2.5	12670.59772608	563
X	6	3.5	12670.62716108	564
X	6	3.5	12685.410923	565
X	6	4.5	12685.448768	566
X	6	4.5	12703.927313	567
X	6	5.5	12703.973568	568
X	6	5.5	12726.14612448	571
X	6	6.5	12726.20078948	572
X	6	6.5	12752.06643152	573
X	6	7.5	12752.12950652	574
X	6	7.5	12781.68715388	575
X	6	8.5	12781.75863888	576
X	6	8.5	12815.007057	579
X	6	9.5	12815.086952	580
X	6	9.5	12852.024752	583
X	6	10.5	12852.113057	584
X	6	10.5	12892.73869568	585
X	6	11.5	12892.83541068	586
X	6	11.5	12937.14719052	587
X	6	12.5	12937.25231552	588
X	6	12.5	12985.24838468	593
X	6	13.5	12985.36191968	594
X	6	13.5	13037.040272	595
X	6	14.5	13037.162217	596
X	6	14.5	13092.520692	597
X	6	15.5	13092.651047	598
X	6	15.5	13151.68732988	603
X	6	16.5	13151.82609488	604
X	6	16.5	13214.53771652	605
X	6	17.5	13214.68489152	606
X	6	17.5	13281.06922848	609
X	6	18.5	13281.22481348	610
X	6	18.5	13351.279088	612
X	6	19.5	13351.443083	613
X	6	19.5	13425.164363	616
X	6	20.5	13425.336768	617
X	7	0.5	14650.1708	658
X	7	0.5	14653.82858992	659
X	7	1.5	14653.84088992	660
X	7	1.5	14661.15631328	661
X	7	2.5	14661.17681328	662
X	7	2.5	14672.14955712	663
X	7	3.5	14672.17825712	664
X	7	3.5	14686.807852	665
X	7	4.5	14686.844752	666
X	7	4.5	14705.130572	667
X	7	5.5	14705.175672	668
X	7	5.5	14727.11693472	671
X	7	6.5	14727.17023472	672
X	7	6.5	14752.76600128	673
X	7	7.5	14752.82750128	674
X	7	7.5	14782.07667632	675
X	7	8.5	14782.14637632	676
X	7	8.5	14815.047708	679
X	7	9.5	14815.125608	680
X	7	9.5	14851.677688	683
X	7	10.5	14851.763788	684
X	7	10.5	14891.96505152	685
X	7	11.5	14892.05935152	686
X	7	11.5	14935.90807728	687
X	7	12.5	14936.01057728	688
X	7	12.5	14983.50488752	693
X	7	13.5	14983.61558752	694
X	7	13.5	15034.753448	695
X	7	14.5	15034.872348	696
X	7	14.5	15089.651568	697
X	7	15.5	15089.778668	698
X	7	15.5	15148.19690032	701
X	7	16.5	15148.33220032	702
X	7	16.5	15210.38694128	705
X	7	17.5	15210.53044128	706
X	7	17.5	15276.21903072	709
X	7	18.5	15276.37073072	710
X	7	18.5	15345.690352	711
X	7	19.5	15345.850252	712
X	7	19.5	15418.797932	716
X	7	20.5	15418.966032	717
X	8	0.5	16621.5534	756
X	8	0.5	16625.1726834	759
X	8	1.5	16625.1846534	760
X	8	1.5	16632.4230606	761
X	8	2.5	16632.4430106	762
X	8	2.5	16643.3002224	763
X	8	3.5	16643.3281524	764
X	8	3.5	16657.80369	765
X	8	4.5	16657.8396	766
X	8	4.5	16675.932825	767
X	8	5.5	16675.976715	768
X	8	5.5	16697.6868294	769
X	8	6.5	16697.7386994	770
X	8	6.5	16723.0647456	773
X	8	7.5	16723.1245956	774
X	8	7.5	16752.0654564	775
X	8	8.5	16752.1332864	776
X	8	8.5	16784.687685	777
X	8	9.5	16784.763495	778
X	8	9.5	16820.929995	781
X	8	10.5	16821.013785	782
X	8	10.5	16860.7907904	785
X	8	11.5	16860.8825604	786
X	8	11.5	16904.2683156	787
X	8	12.5	16904.3680656	788
X	8	12.5	16951.3606554	791
X	8	13.5	16951.4683854	792
X	8	13.5	17002.065735	795
X	8	14.5	17002.181445	796
X	8	14.5	17056.38132	797
X	8	15.5	17056.50501	798
X	8	15.5	17114.3050164	801
X	8	16.5	17114.4366864	802
X	8	16.5	17175.8342706	805
X	8	17.5	17175.9739206	806
X	8	17.5	17240.9663694	809
X	8	18.5	17241.1139994	810
X	8	18.5	17309.69844	811
X	8	19.5	17309.85405	812
X	8	19.5	17382.02745	816
X	8	20.5	17382.19104	817
X	9	0.5	18562.5215	856
X	9	0.5	18566.1009662	857
X	9	1.5	18566.1125612	858
X	9	1.5	18573.2713508	859
X	9	2.5	18573.2906758	860
X	9	2.5	18584.0285032	863
X	9	3.5	18584.0555582	864
X	9	3.5	18598.371995	865
X	9	4.5	18598.40678	866
X	9	4.5	18616.301255	867
X	9	5.5	18616.34377	868
X	9	5.5	18637.8155692	869
X	9	6.5	18637.8658142	870
X	9	6.5	18662.9140808	873
X	9	7.5	18662.9720558	874
X	9	7.5	18691.5957902	875
X	9	8.5	18691.6614952	876
X	9	8.5	18723.859555	877
X	9	9.5	18723.93299	878
X	9	9.5	18759.70409	881
X	9	10.5	18759.785255	882
X	9	10.5	18799.1279672	885
X	9	11.5	18799.2168622	886
X	9	11.5	18842.1296158	887
X	9	12.5	18842.2262408	888
X	9	12.5	18888.7073222	889
X	9	13.5	18888.8116772	890
X	9	13.5	18938.85923	895
X	9	14.5	18938.971315	896
X	9	14.5	18992.58334	897
X	9	15.5	18992.703155	898
X	9	15.5	19049.8775102	901
X	9	16.5	19050.0050552	902
X	9	16.5	19110.7394558	905
X	9	17.5	19110.8747308	906
X	9	17.5	19175.1667492	909
X	9	18.5	19175.3097542	910
X	9	18.5	19243.15682	911
X	9	19.5	19243.307555	912
X	9	19.5	19314.706955	916
X	9	20.5	19314.86542	917
Pi	0	1.5	20349.7683981034	954
Pi	0	1.5	20349.7684445727	955
Pi	0	2.5	20357.5659073333	956
Pi	0	2.5	20357.5660928595	957
Pi	0	3.5	20368.4821183648	958
Pi	0	3.5	20368.48258096	959
Pi	0	4.5	20382.5167449611	960
Pi	0	4.5	20382.5176670391	961
Pi	0	5.5	20399.6694214244	962
Pi	0	5.5	20399.6710284706	963
Pi	0	6.5	20419.9396993633	964
Pi	0	6.5	20419.942258324	965
Pi	0	7.5	20443.3270438479	966
Pi	0	7.5	20443.3308612712	967
Pi	0	8.5	20469.830829031	970
Pi	0	8.5	20469.8362489946	971
Pi	0	0.5	20470.306176053	972
Pi	0	0.5	20470.319529547	973
Pi	0	1.5	20475.0980549616	974
Pi	0	1.5	20475.1247139623	975
Pi	0	2.5	20483.0885982617	976
Pi	0	2.5	20483.1284671455	977
Pi	0	3.5	20494.2772240372	978
Pi	0	3.5	20494.330160238	979
Pi	0	9.5	20499.4503333248	980
Pi	0	9.5	20499.4577351881	981
Pi	0	4.5	20508.6631104839	982
Pi	0	4.5	20508.7289255159	983
Pi	0	5.5	20526.2451984586	986
Pi	0	5.5	20526.3236592464	987
Pi	0	10.5	20532.1847342244	988
Pi	0	10.5	20532.1945302451	989
Pi	0	6.5	20547.0221947117	990
Pi	0	6.5	20547.113025201	991
Pi	0	11.5	20568.0331028738	994
Pi	0	11.5	20568.0457357266	995
Pi	0	7.5	20570.9925757321	996
Pi	0	7.5	20571.0954587488	997
Pi	0	8.5	20598.154592126	998
Pi	0	8.5	20598.2691714484	999
Pi	0	12.5	20606.9943984659	1000
Pi	0	12.5	20607.0103387031	1001
Pi	0	9.5	20628.5062734402	1002
Pi	0	9.5	20628.6321560469	1003
Pi	0	13.5	20649.0674625677	1004
Pi	0	13.5	20649.0872060562	1005
Pi	0	10.5	20662.0454333386	1006
Pi	0	10.5	20662.1821917919	1007
Pi	0	14.5	20694.251013454	1012
Pi	0	14.5	20694.2750788233	1013
Pi	0	11.5	20698.7696750362	1014
Pi	0	11.5	20698.9168499634	1015
Pi	0	12.5	20738.6763968991	1016
Pi	0	12.5	20738.8334995319	1017
Pi	0	15.5	20742.5436405251	1018
Pi	0	15.5	20742.5725666561	1019
Pi	0	13.5	20781.7627981193	1020
Pi	0	13.5	20781.9293128568	1021
Pi	0	16.5	20793.9437988772	1022
Pi	0	16.5	20793.9781424578	1023
Pi	0	14.5	20828.025884381	1026
Pi	0	14.5	20828.2012713417	1027
Pi	0	17.5	20848.449804083	1028
Pi	0	17.5	20848.4901372531	1029
Pi	0	15.5	20877.4624734429	1032
Pi	0	15.5	20877.6461709759	1033
Pi	0	18.5	20906.0598272295	1034
Pi	0	18.5	20906.1067353344	1035
Pi	0	16.5	20930.0692005678	1036
Pi	0	16.5	20930.2606276972	1037
Pi	0	19.5	20966.7718902526	1040
Pi	0	19.5	20966.825969718	1041
Pi	0	17.5	20985.842523742	1042
Pi	0	17.5	20986.0410825219	1043
Pi	0	20.5	21030.5838615953	1046
Pi	0	20.5	21030.645717936	1047
Pi	0	18.5	21044.7787286375	1048
Pi	0	18.5	21044.9838063986	1049
Pi	0	19.5	21106.8739332774	1054
Pi	0	19.5	21107.084904752	1055
Pi	1	1.5	21884.7939049663	1103
Pi	1	1.5	21884.793950595	1104
Pi	1	2.5	21892.49664446	1105
Pi	1	2.5	21892.4968266451	1106
Pi	1	3.5	21903.2801645483	1109
Pi	1	3.5	21903.2806188639	1110
Pi	1	4.5	21917.1441655338	1111
Pi	1	4.5	21917.1450712384	1112
Pi	1	5.5	21934.0882645662	1113
Pi	1	5.5	21934.0898433503	1114
Pi	1	6.5	21954.1119926118	1119
Pi	1	6.5	21954.1145070817	1120
Pi	1	7.5	21977.2147908467	1121
Pi	1	7.5	21977.218542771	1122
Pi	1	8.5	22003.3960065438	1125
Pi	1	8.5	22003.4013348979	1126
Pi	1	0.5	22005.26627612	1127
Pi	1	0.5	22005.27882212	1128
Pi	1	1.5	22009.9988666337	1129
Pi	1	1.5	22010.023913005	1130
Pi	1	2.5	22017.89033034	1131
Pi	1	2.5	22017.9277861549	1132
Pi	1	3.5	22028.9400917717	1133
Pi	1	3.5	22028.9898214561	1134
Pi	1	9.5	22032.6548885387	1135
Pi	1	9.5	22032.662167381	1136
Pi	1	4.5	22043.1473384662	1139
Pi	1	4.5	22043.2091627617	1140
Pi	1	5.5	22060.5110233538	1141
Pi	1	5.5	22060.5847205697	1142
Pi	1	10.5	22064.9905823563	1143
Pi	1	10.5	22065.0002185725	1144
Pi	1	6.5	22081.0298677881	1145
Pi	1	6.5	22081.1151753183	1146
Pi	1	11.5	22100.4021250881	1151
Pi	1	11.5	22100.4145560402	1152
Pi	1	7.5	22104.7023651533	1153
Pi	1	7.5	22104.798981229	1154
Pi	1	8.5	22131.5267849762	1155
Pi	1	8.5	22131.6343706221	1156
Pi	1	12.5	22138.8884401048	1157
Pi	1	12.5	22138.9041312205	1158
Pi	1	9.5	22161.5011774613	1161
Pi	1	9.5	22161.619358619	1162
Pi	1	13.5	22180.4483316894	1163
Pi	1	13.5	22180.4677740248	1164
Pi	1	10.5	22194.6233783637	1165
Pi	1	10.5	22194.7517481475	1166
Pi	1	14.5	22225.0804796675	1169
Pi	1	14.5	22225.1041874758	1170
Pi	1	11.5	22230.8910141119	1171
Pi	1	11.5	22231.0291351598	1172
Pi	1	12.5	22270.3015070952	1177
Pi	1	12.5	22270.4489139795	1178
Pi	1	15.5	22272.7834341075	1179
Pi	1	15.5	22272.8119424414	1180
Pi	1	13.5	22312.8520810306	1183
Pi	1	13.5	22313.0082826952	1184
Pi	1	16.5	22323.5556101544	1185
Pi	1	16.5	22323.5894725271	1186
Pi	1	14.5	22358.5397663325	1189
Pi	1	14.5	22358.7042485242	1190
Pi	1	17.5	22377.3952830516	1191
Pi	1	17.5	22377.4350691782	1192
Pi	1	15.5	22407.3614054125	1193
Pi	1	15.5	22407.5336330786	1194
Pi	1	18.5	22434.3005833974	1199
Pi	1	18.5	22434.3468770345	1200
Pi	1	16.5	22459.3136578456	1201
Pi	1	16.5	22459.4930774729	1202
Pi	1	19.5	22494.2694926722	1205
Pi	1	19.5	22494.3228895696	1206
Pi	1	17.5	22514.3930053484	1207
Pi	1	17.5	22514.5790472218	1208
Pi	1	20.5	22557.2998390648	1211
Pi	1	20.5	22557.3609450403	1212
Pi	1	18.5	22572.5957565226	1213
Pi	1	18.5	22572.7878368855	1214
Pi	1	19.5	22633.9180513278	1221
Pi	1	19.5	22634.1155744304	1222
Pi	2	1.5	23392.8784715548	1288
Pi	2	1.5	23392.8785199276	1289
Pi	2	2.5	23400.4869888817	1292
Pi	2	2.5	23400.4871821116	1293
Pi	2	3.5	23411.1385822872	1294
Pi	2	3.5	23411.1390644512	1295
Pi	2	4.5	23424.8329377736	1298
Pi	2	4.5	23424.8338997757	1299
Pi	2	5.5	23441.5696548856	1300
Pi	2	5.5	23441.5713334578	1301
Pi	2	6.5	23461.3482439829	1304
Pi	2	6.5	23461.3509204697	1305
Pi	2	7.5	23484.1681229917	1308
Pi	2	7.5	23484.1721219395	1309
Pi	2	8.5	23510.0286137008	1310
Pi	2	8.5	23510.0343012761	1311
Pi	2	0.5	23513.27856884	1313
Pi	2	0.5	23513.29117884	1314
Pi	2	1.5	23517.9499844724	1316
Pi	2	1.5	23517.9752528452	1317
Pi	2	2.5	23525.7394616884	1318
Pi	2	2.5	23525.7774849183	1319
Pi	2	3.5	23536.6463977888	1322
Pi	2	3.5	23536.6973199528	1323
Pi	2	9.5	23538.9289376726	1324
Pi	2	9.5	23538.9367199334	1325
Pi	2	4.5	23550.6699612243	1326
Pi	2	4.5	23550.7339732264	1327
Pi	2	5.5	23567.8090939822	1330
Pi	2	5.5	23567.8864325544	1331
Pi	2	10.5	23570.8682118438	1332
Pi	2	10.5	23570.8785328902	1333
Pi	2	6.5	23588.0625145303	1334
Pi	2	6.5	23588.1534610171	1335
Pi	2	11.5	23605.8454438911	1336
Pi	2	11.5	23605.8587839235	1337
Pi	2	7.5	23611.4287212605	1338
Pi	2	7.5	23611.5336002083	1340
Pi	2	8.5	23637.9059963639	1344
Pi	2	8.5	23638.0251739393	1345
Pi	2	12.5	23643.8595274401	1346
Pi	2	12.5	23643.8764007496	1347
Pi	2	9.5	23667.4924100666	1350
Pi	2	9.5	23667.6262923274	1351
Pi	2	13.5	23684.9092371892	1354
Pi	2	13.5	23684.9301901066	1355
Pi	2	10.5	23700.1858251498	1356
Pi	2	10.5	23700.3348561962	1357
Pi	2	14.5	23728.9932240193	1360
Pi	2	14.5	23729.0188328461	1361
Pi	2	11.5	23735.9839016765	1362
Pi	2	11.5	23736.1485617089	1363
Pi	2	12.5	23774.8841018504	1368
Pi	2	12.5	23775.0649051599	1369
Pi	2	15.5	23776.1100101522	1370
Pi	2	15.5	23776.140879097	1371
Pi	2	13.5	23816.8836949334	1374
Pi	2	13.5	23817.0811878508	1375
Pi	2	16.5	23826.2579844171	1378
Pi	2	16.5	23826.294743555	1379
Pi	2	14.5	23861.9797621539	1380
Pi	2	14.5	23862.1945209808	1381
Pi	2	17.5	23879.435397672	1384
Pi	2	17.5	23879.4787009478	1385
Pi	2	15.5	23910.169201543	1386
Pi	2	15.5	23910.4018304878	1387
Pi	2	18.5	23935.6403584258	1392
Pi	2	18.5	23935.6908817133	1393
Pi	2	16.5	23961.448732645	1396
Pi	2	16.5	23961.6998617829	1397
Pi	2	19.5	23994.8708286929	1400
Pi	2	19.5	23994.9292679246	1401
Pi	2	17.5	24015.8149010522	1402
Pi	2	17.5	24016.085184328	1403
Pi	2	20.5	24057.1246201083	1406
Pi	2	20.5	24057.1916894845	1407
Pi	2	18.5	24073.2640827267	1410
Pi	2	18.5	24073.5541960142	1411
Pi	2	19.5	24133.7924880754	1418
Pi	2	19.5	24134.1031273071	1419
Pi	3	1.5	24873.9836682494	1486
Pi	3	1.5	24873.9836907132	1487
Pi	3	2.5	24881.4981307382	1488
Pi	3	2.5	24881.4982204739	1489
Pi	3	3.5	24892.0180357693	1490
Pi	3	3.5	24892.0182596931	1491
Pi	3	4.5	24905.5430473335	1494
Pi	3	4.5	24905.5434941208	1495
Pi	3	5.5	24922.0727329889	1498
Pi	3	5.5	24922.0735126179	1499
Pi	3	6.5	24941.6065611928	1502
Pi	3	6.5	24941.6078043902	1503
Pi	3	7.5	24964.1438981382	1504
Pi	3	7.5	24964.1457557349	1505
Pi	3	8.5	24989.6840041577	1508
Pi	3	8.5	24989.6866463662	1509
Pi	3	0.5	24994.33940152	1510
Pi	3	0.5	24994.34551352	1511
Pi	3	1.5	24998.9556434868	1512
Pi	3	1.5	24998.9678899506	1513
Pi	3	2.5	25006.6510059261	1516
Pi	3	2.5	25006.6694316618	1517
Pi	3	3.5	25017.4248840269	1518
Pi	3	3.5	25017.4495559507	1519
Pi	3	9.5	25018.2260297612	1520
Pi	3	9.5	25018.2296453847	1521
Pi	3	4.5	25031.2764378792	1524
Pi	3	4.5	25031.3074446665	1525
Pi	3	5.5	25048.2045947021	1528
Pi	3	5.5	25048.2420463311	1529
Pi	3	10.5	25049.7690113779	1530
Pi	3	10.5	25049.7738069646	1531
Pi	3	6.5	25068.2080516098	1532
Pi	3	6.5	25068.2520788072	1533
Pi	3	11.5	25084.3118668769	1534
Pi	3	11.5	25084.3180658301	1535
Pi	3	7.5	25091.2852788651	1536
Pi	3	7.5	25091.3360324618	1537
Pi	3	8.5	25117.4345235538	1540
Pi	3	8.5	25117.4921737623	1541
Pi	3	12.5	25121.853390937	1544
Pi	3	12.5	25121.861232594	1545
Pi	3	9.5	25146.6538136153	1548
Pi	3	9.5	25146.7185492388	1549
Pi	3	13.5	25162.3922503372	1550
Pi	3	13.5	25162.4019890277	1551
Pi	3	10.5	25178.9409621554	1554
Pi	3	10.5	25179.0129897421	1555
Pi	3	14.5	25205.9269792329	1558
Pi	3	14.5	25205.9388833285	1559
Pi	3	11.5	25214.2935719699	1560
Pi	3	11.5	25214.3731149231	1561
Pi	3	15.5	25252.4559744792	1564
Pi	3	15.5	25252.4703254436	1565
Pi	3	12.5	25252.709040206	1566
Pi	3	12.5	25252.796337863	1567
Pi	3	13.5	25294.1845630923	1570
Pi	3	13.5	25294.2798697828	1571
Pi	3	16.5	25301.977491056	1572
Pi	3	16.5	25301.9945825059	1573
Pi	3	14.5	25338.7171406715	1578
Pi	3	14.5	25338.8207247671	1579
Pi	3	17.5	25354.4896376426	1582
Pi	3	17.5	25354.5097744261	1583
Pi	3	15.5	25386.3035814764	1584
Pi	3	15.5	25386.4157244408	1585
Pi	3	18.5	25409.9903723821	1590
Pi	3	18.5	25410.0138696823	1591
Pi	3	16.5	25436.9405070941	1592
Pi	3	16.5	25437.061502544	1593
Pi	3	19.5	25468.4774988684	1598
Pi	3	19.5	25468.5046813387	1599
Pi	3	17.5	25490.624356574	1600
Pi	3	17.5	25490.7545093574	1601
Pi	3	20.5	25529.9486623814	1604
Pi	3	20.5	25529.9798633159	1605
Pi	3	18.5	25547.3513906377	1606
Pi	3	18.5	25547.4910159379	1607
Pi	3	19.5	25607.1176956613	1616
Pi	3	19.5	25607.2671181316	1617
Pi	4	1.5	26328.1954683369	1684
Pi	4	1.5	26328.1955215088	1685
Pi	4	2.5	26335.6155660788	1686
Pi	4	2.5	26335.6157784335	1687
Pi	4	3.5	26346.0033448023	1688
Pi	4	3.5	26346.00387453	1689
Pi	4	4.5	26359.3584656052	1690
Pi	4	4.5	26359.3595221018	1691
Pi	4	5.5	26375.6804972722	1696
Pi	4	5.5	26375.6823398687	1697
Pi	4	6.5	26394.9689139306	1698
Pi	4	6.5	26394.9718503492	1699
Pi	4	7.5	26417.223092242	1702
Pi	4	7.5	26417.2274768059	1703
Pi	4	8.5	26442.4423081832	1704
Pi	4	8.5	26442.4485398104	1705
Pi	4	0.5	26448.5928488	1706
Pi	4	0.5	26448.6007768	1707
Pi	4	1.5	26453.1482406631	1710
Pi	4	1.5	26453.1640434912	1711
Pi	4	2.5	26460.7428619212	1712
Pi	4	2.5	26460.7664335665	1713
Pi	4	9.5	26470.6257334757	1716
Pi	4	9.5	26470.6342534895	1717
Pi	4	3.5	26471.3761749977	1718
Pi	4	3.5	26471.40735727	1719
Pi	4	4.5	26485.0474183949	1720
Pi	4	4.5	26485.0860018982	1721
Pi	4	5.5	26501.7556085278	1726
Pi	4	10.5	26501.7724317265	1727
Pi	4	10.5	26501.7837215178	1728
Pi	4	5.5	26501.8013339313	1729
Pi	4	6.5	26521.4995420694	1730
Pi	4	6.5	26521.5521016508	1731
Pi	4	11.5	26535.881354345	1732
Pi	4	11.5	26535.8959329204	1733
Pi	4	7.5	26544.277798758	1734
Pi	4	7.5	26544.3368381941	1735
Pi	4	8.5	26570.0887446168	1738
Pi	4	8.5	26570.1538649896	1739
Pi	4	12.5	26572.9513363015	1740
Pi	4	12.5	26572.9697577521	1741
Pi	4	9.5	26598.9305355243	1744
Pi	4	9.5	26599.0012955105	1745
Pi	4	13.5	26612.9810917911	1748
Pi	4	13.5	26613.0039427149	1749
Pi	4	10.5	26630.8011210735	1750
Pi	4	10.5	26630.8770392822	1751
Pi	4	14.5	26655.9692098629	1754
Pi	4	14.5	26655.9971067729	1755
Pi	4	11.5	26665.698248655	1758
Pi	4	11.5	26665.7788060796	1759
Pi	4	15.5	26701.9141500722	1760
Pi	4	15.5	26701.9477368182	1761
Pi	4	12.5	26703.6194676985	1764
Pi	4	12.5	26703.7041102479	1765
Pi	4	13.5	26744.5621340089	1768
Pi	4	13.5	26744.6502750851	1769
Pi	4	16.5	26750.8142382058	1770
Pi	4	16.5	26750.8541834367	1771
Pi	4	14.5	26788.5234141371	1776
Pi	4	14.5	26788.6144372271	1777
Pi	4	17.5	26802.6676621268	1778
Pi	4	17.5	26802.7146568158	1779
Pi	4	15.5	26835.5002897278	1782
Pi	4	15.5	26835.5935509818	1783
Pi	4	18.5	26857.472467777	1784
Pi	4	18.5	26857.5272228297	1785
Pi	4	16.5	26885.4895617942	1790
Pi	4	16.5	26885.5843925633	1791
Pi	4	19.5	26915.2265553694	1793
Pi	4	19.5	26915.289799331	1795
Pi	4	17.5	26938.4878548732	1798
Pi	4	17.5	26938.5835641842	1799
Pi	4	20.5	26975.9276757974	1802
Pi	4	20.5	26976.0001526718	1803
Pi	4	18.5	26994.491621023	1804
Pi	4	18.5	26994.5874979703	1805
Pi	4	19.5	27053.4971436306	1812
Pi	4	19.5	27053.592459669	1813
Pi	5	1.5	27755.8804072803	1880
Pi	5	1.5	27755.880455823	1881
Pi	5	2.5	27763.2058930879	1884
Pi	5	2.5	27763.206086935	1885
Pi	5	3.5	27773.4611914355	1886
Pi	5	3.5	27773.4616749265	1887
Pi	5	4.5	27786.6459379323	1888
Pi	5	4.5	27786.6469020377	1889
Pi	5	5.5	27802.7596679787	1890
Pi	5	5.5	27802.7613490657	1891
Pi	5	6.5	27821.8018144593	1896
Pi	5	6.5	27821.8044927921	1897
Pi	5	7.5	27843.7717049794	1900
Pi	5	7.5	27843.7757029817	1901
Pi	5	8.5	27868.6685586969	1902
Pi	5	8.5	27868.674239005	1903
Pi	5	0.5	27875.7929196	1904
Pi	5	0.5	27875.8084256	1905
Pi	5	1.5	27880.2866127197	1906
Pi	5	1.5	27880.317576177	1907
Pi	5	2.5	27887.7809149121	1908
Pi	5	2.5	27887.827239065	1909
Pi	5	9.5	27896.4914828072	1912
Pi	5	9.5	27896.4992461485	1913
Pi	5	3.5	27898.2752701645	1914
Pi	5	3.5	27898.3368106735	1915
Pi	5	4.5	27911.7688920677	1918
Pi	5	4.5	27911.8454579623	1919
Pi	5	10.5	27927.2394687431	1920
Pi	5	10.5	27927.2497516714	1921
Pi	5	5.5	27928.2607656213	1922
Pi	5	5.5	27928.3521205344	1923
Pi	5	6.5	27947.7496495407	1928
Pi	5	6.5	27947.8555132079	1929
Pi	5	11.5	27960.9113881536	1930
Pi	5	11.5	27960.9246606774	1931
Pi	5	7.5	27970.2340790206	1932
Pi	5	7.5	27970.3541290183	1933
Pi	5	8.5	27995.7123689031	1936
Pi	5	8.5	27995.846242595	1937
Pi	5	12.5	27997.5059887249	1938
Pi	5	12.5	27997.5227518612	1939
Pi	5	9.5	28024.1826171928	1940
Pi	5	9.5	28024.3299138515	1941
Pi	5	13.5	28037.0218899067	1946
Pi	5	13.5	28037.0426731937	1947
Pi	5	10.5	28055.6427088569	1948
Pi	5	10.5	28055.8029919286	1949
Pi	5	14.5	28079.4575786028	1952
Pi	5	14.5	28079.4829376026	1953
Pi	5	11.5	28090.0903198464	1954
Pi	5	11.5	28090.2631193226	1955
Pi	5	15.5	28124.8114048826	1958
Pi	5	15.5	28124.8419187008	1959
Pi	5	12.5	28127.5229212751	1960
Pi	5	12.5	28127.7077361388	1961
Pi	5	13.5	28167.9377836933	1966
Pi	5	13.5	28168.1340844063	1967
Pi	5	16.5	28173.0815777628	1968
Pi	5	16.5	28173.1178466126	1969
Pi	5	14.5	28211.3319813972	1973
Pi	5	14.5	28211.5392123974	1974
Pi	5	17.5	28224.2661611047	1976
Pi	5	17.5	28224.3088039356	1977
Pi	5	15.5	28257.7023967174	1980
Pi	5	15.5	28257.9199788992	1981
Pi	5	18.5	28278.3630696654	1982
Pi	5	18.5	28278.4127218777	1983
Pi	5	16.5	28307.0457242372	1988
Pi	5	16.5	28307.2730573874	1989
Pi	5	19.5	28335.3700653352	1990
Pi	5	19.5	28335.427376594	1991
Pi	5	17.5	28359.3584748953	1996
Pi	5	17.5	28359.5949400644	1997
Pi	5	20.5	28395.284753586	1998
Pi	5	20.5	28395.3503857491	1999
Pi	5	18.5	28414.6369799346	2002
Pi	5	18.5	28414.8819417223	2003
Pi	5	19.5	28472.8773946648	2010
Pi	5	19.5	28473.130203406	2011
Pi	6	1.5	29157.0449409026	2078
Pi	6	1.5	29157.0449571455	2079
Pi	6	2.5	29164.2794269575	2080
Pi	6	2.5	29164.2794917976	2081
Pi	6	3.5	29174.4068421667	2082
Pi	6	3.5	29174.4070038098	2083
Pi	6	4.5	29187.4263254321	2086
Pi	6	4.5	29187.4266475511	2087
Pi	6	5.5	29203.3367685993	2088
Pi	6	5.5	29203.3373298352	2089
Pi	6	6.5	29222.1368139913	2092
Pi	6	6.5	29222.1377073463	2093
Pi	6	7.5	29243.8248514776	2096
Pi	6	7.5	29243.826183614	2097
Pi	6	8.5	29268.399015135	2100
Pi	6	8.5	29268.4009055916	2101
Pi	6	0.5	29276.0088086	2102
Pi	6	0.5	29276.0226446	2103
Pi	6	1.5	29280.4453780974	2104
Pi	6	1.5	29280.4730338545	2105
Pi	6	2.5	29287.8436400425	2106
Pi	6	2.5	29287.8850832024	2107
Pi	6	9.5	29295.8571795589	2108
Pi	6	9.5	29295.8597598988	2109
Pi	6	3.5	29298.2026384333	2110
Pi	6	3.5	29298.2578207902	2111
Pi	6	4.5	29311.5210335679	2116
Pi	6	4.5	29311.5898914488	2117
Pi	6	10.5	29326.1969558911	2118
Pi	6	10.5	29326.2003687956	2119
Pi	6	5.5	29327.7971040007	2120
Pi	6	5.5	29327.8795587648	2121
Pi	6	6.5	29347.0287490087	2124
Pi	6	6.5	29347.1247076537	2125
Pi	6	11.5	29359.4156876288	2128
Pi	6	11.5	29359.4200859507	2129
Pi	6	7.5	29369.2134915224	2130
Pi	6	7.5	29369.322847386	2131
Pi	6	8.5	29394.348481465	2132
Pi	6	8.5	29394.4711150084	2133
Pi	6	12.5	29395.51044628	2134
Pi	6	12.5	29395.5159920725	2135
Pi	6	9.5	29422.4304994411	2138
Pi	6	9.5	29422.5662791012	2139
Pi	6	13.5	29434.4780269313	2140
Pi	6	13.5	29434.4848904637	2141
Pi	6	10.5	29453.4559607089	2146
Pi	6	10.5	29453.6047438044	2147
Pi	6	14.5	29476.3149437875	2148
Pi	6	14.5	29476.3233025624	2149
Pi	6	11.5	29487.4209193712	2150
Pi	6	11.5	29487.5825530493	2151
Pi	6	15.5	29521.0174257395	2156
Pi	6	15.5	29521.0274635226	2157
Pi	6	12.5	29524.32107272	2158
Pi	6	12.5	29524.4953949275	2159
Pi	6	13.5	29564.1517656687	2162
Pi	6	13.5	29564.3386061363	2163
Pi	6	16.5	29568.5814120131	2164
Pi	6	16.5	29568.5933178854	2165
Pi	6	14.5	29606.9079952125	2170
Pi	6	14.5	29607.1071764376	2171
Pi	6	17.5	29619.0025479417	2172
Pi	6	17.5	29619.0165153846	2173
Pi	6	15.5	29652.5844148605	2178
Pi	6	15.5	29652.7957530774	2179
Pi	6	18.5	29672.2761809039	2180
Pi	6	18.5	29672.2924069226	2181
Pi	6	16.5	29701.1753389869	2184
Pi	6	16.5	29701.3986451146	2185
Pi	6	19.5	29728.3973564553	2188
Pi	6	19.5	29728.4160407493	2189
Pi	6	17.5	29752.6747470583	2192
Pi	6	17.5	29752.9098276154	2193
Pi	6	20.5	29787.360814683	2196
Pi	6	20.5	29787.382158866	2197
Pi	6	18.5	29807.0762876961	2200
Pi	6	18.5	29807.3229456774	2201
Pi	6	19.5	29864.3732825447	2208
Pi	6	19.5	29864.6313182507	2209
Pi	7	1.5	30531.7400545075	2274
Pi	7	1.5	30531.7401854481	2275
Pi	7	2.5	30538.8735730784	2278
Pi	7	2.5	30538.874096082	2279
Pi	7	3.5	30548.8600274106	2280
Pi	7	3.5	30548.8613322777	2281
Pi	7	4.5	30561.6989969011	2282
Pi	7	4.5	30561.7015998883	2283
Pi	7	5.5	30577.3899572027	2286
Pi	7	5.5	30577.3944981213	2287
Pi	7	6.5	30595.9322783047	2290
Pi	7	6.5	30595.9395169896	2291
Pi	7	7.5	30617.3252221755	2292
Pi	7	7.5	30617.336034385	2293
Pi	7	8.5	30641.5679400115	2298
Pi	7	8.5	30641.5833128231	2299
Pi	7	0.5	30650.758616472	2300
Pi	7	0.5	30650.764024472	2301
Pi	7	1.5	30655.1384462125	2302
Pi	7	1.5	30655.1491312719	2303
Pi	7	2.5	30662.4396701616	2304
Pi	7	2.5	30662.455371158	2305
Pi	7	9.5	30668.6594691421	2306
Pi	7	9.5	30668.6804959178	2307
Pi	7	3.5	30672.6617807814	2308
Pi	7	3.5	30672.6821079143	2309
Pi	7	4.5	30685.8040424989	2312
Pi	7	4.5	30685.8284795117	2313
Pi	7	10.5	30698.5987296446	2316
Pi	7	10.5	30698.6266046414	2317
Pi	7	5.5	30701.8654931493	2318
Pi	7	5.5	30701.8934002307	2319
Pi	7	6.5	30720.8449458953	2322
Pi	7	6.5	30720.8755632104	2323
Pi	7	11.5	30731.384520727	2324
Pi	7	11.5	30731.4205334293	2325
Pi	7	7.5	30742.7409915845	2326
Pi	7	7.5	30742.773443375	2327
Pi	7	12.5	30767.015516935	2330
Pi	7	12.5	30767.0610461858	2331
Pi	7	8.5	30767.5520015005	2332
Pi	7	8.5	30767.5853006889	2333
Pi	7	9.5	30795.2761304579	2336
Pi	7	9.5	30795.3091836822	2337
Pi	7	13.5	30805.4902642413	2338
Pi	7	13.5	30805.5467722474	2339
Pi	7	10.5	30825.9113201875	2342
Pi	7	10.5	30825.9429331906	2343
Pi	7	14.5	30846.8071760725	2346
Pi	7	14.5	30846.8762023536	2347
Pi	7	11.5	30859.455302953	2348
Pi	7	11.5	30859.4841862507	2349
Pi	7	15.5	30890.9645293255	2354
Pi	7	15.5	30891.0476846728	2355
Pi	7	12.5	30895.905605345	2356
Pi	7	12.5	30895.9303800942	2357
Pi	7	13.5	30935.2595521907	2360
Pi	7	13.5	30935.2787561846	2361
Pi	7	16.5	30937.9604604217	2362
Pi	7	16.5	30938.0594209269	2363
Pi	7	14.5	30977.5142705275	2368
Pi	7	14.5	30977.5263642464	2369
Pi	7	17.5	30987.7929614426	2370
Pi	7	17.5	30987.9094626493	2371
Pi	7	15.5	31022.6666935865	2376
Pi	7	15.5	31022.6700662392	2377
Pi	7	18.5	31040.4598763842	2378
Pi	7	18.5	31040.5957076079	2379
Pi	7	16.5	31070.7065402331	2382
Pi	7	16.5	31070.7135647383	2383
Pi	7	19.5	31095.9588975628	2384
Pi	7	19.5	31096.1158964193	2385
Pi	7	17.5	31121.6322841507	2390
Pi	7	17.5	31121.6514413574	2391
Pi	7	20.5	31154.2875621999	2394
Pi	7	20.5	31154.467609372	2395
Pi	7	18.5	31175.4436193441	2398
Pi	7	18.5	31175.4766985678	2399
Pi	7	19.5	31232.1366939807	2404
Pi	7	19.5	31232.1855328372	2405
Pi	8	1.5	31879.4944830501	2472
Pi	8	1.5	31879.4947125302	2473
Pi	8	2.5	31886.5298855091	2474
Pi	8	2.5	31886.5308021731	2475
Pi	8	3.5	31896.3789282862	2478
Pi	8	3.5	31896.3812155707	2479
Pi	8	4.5	31909.0411820075	2480
Pi	8	4.5	31909.0457453992	2481
Pi	8	5.5	31924.5161259833	2484
Pi	8	5.5	31924.5240882055	2485
Pi	8	6.5	31942.8031467298	2486
Pi	8	6.5	31942.8158418789	2487
Pi	8	7.5	31963.9015360746	2492
Pi	8	7.5	31963.9205028003	2493
Pi	8	8.5	31987.8104888804	2496
Pi	8	8.5	31987.8374627174	2497
Pi	8	0.5	31998.53231508	2498
Pi	8	0.5	31998.53455508	2499
Pi	8	1.5	32002.8513382698	2500
Pi	8	1.5	32002.8560477499	2501
Pi	8	2.5	32010.0499564269	2502
Pi	8	2.5	32010.0575930909	2503
Pi	8	9.5	32014.5291004296	2504
Pi	8	9.5	32014.566005396	2505
Pi	8	3.5	32020.1275353093	2506
Pi	8	3.5	32020.1387825938	2507
Pi	8	4.5	32033.0832356008	2508
Pi	8	4.5	32033.0989989925	2509
Pi	8	10.5	32044.0563635137	2512
Pi	8	10.5	32044.1053030993	2513
Pi	8	5.5	32048.9160150745	2516
Pi	8	5.5	32048.9374172967	2517
Pi	8	6.5	32067.6246311211	2518
Pi	8	6.5	32067.6530062702	2519
Pi	8	11.5	32076.3911652791	2522
Pi	8	11.5	32076.4544129464	2523
Pi	8	7.5	32089.2076435997	2526
Pi	8	7.5	32089.2445303254	2527
Pi	8	12.5	32111.5322838765	2528
Pi	8	12.5	32111.6122732017	2529
Pi	8	8.5	32113.6634179626	2530
Pi	8	8.5	32113.7105517996	2531
Pi	8	9.5	32140.990128604	2534
Pi	8	9.5	32141.0494335704	2535
Pi	8	13.5	32149.4783849689	2536
Pi	8	13.5	32149.5776995418	2537
Pi	8	10.5	32171.1857623807	2542
Pi	8	10.5	32171.2593419663	2543
Pi	8	14.5	32190.2280181451	2544
Pi	8	14.5	32190.3493813462	2545
Pi	8	11.5	32204.2481222536	2546
Pi	8	11.5	32204.3382499209	2547
Pi	8	15.5	32233.7796132892	2552
Pi	8	15.5	32233.9258780513	2553
Pi	8	12.5	32240.1748309983	2554
Pi	8	12.5	32240.2839403235	2555
Pi	8	13.5	32278.9633349382	2558
Pi	8	13.5	32279.0940095111	2559
Pi	8	16.5	32280.13147695	2560
Pi	8	16.5	32280.3056156047	2561
Pi	8	14.5	32320.6109076538	2564
Pi	8	14.5	32320.7658708549	2565
Pi	8	17.5	32329.2817887532	2568
Pi	8	17.5	32329.4868830509	2569
Pi	8	15.5	32365.1146536287	2572
Pi	8	15.5	32365.2967583908	2573
Pi	8	18.5	32381.2285978922	2576
Pi	8	18.5	32381.4678292743	2577
Pi	8	16.5	32412.4715117953	2578
Pi	8	16.5	32412.68373045	2579
Pi	8	19.5	32435.9698197316	2584
Pi	8	19.5	32436.246459922	2585
Pi	8	17.5	32462.6782589491	2586
Pi	8	17.5	32462.9236732468	2587
Pi	8	20.5	32493.5032325497	2592
Pi	8	20.5	32493.8206345199	2593
Pi	8	18.5	32515.7315130056	2594
Pi	8	18.5	32516.0133043878	2595
Pi	8	19.5	32571.627736078	2602
Pi	8	19.5	32571.9491762684	2603
B	0	0.5	45632.5334	2782
B	0	0.5	45636.08139008	2783
B	0	1.5	45636.11334008	2784
B	0	1.5	45643.20912872	2785
B	0	2.5	45643.26237872	2786
B	0	2.5	45653.90558288	2787
B	0	3.5	45653.98013288	2788
B	0	3.5	45668.170178	2789
B	0	4.5	45668.266028	2790
B	0	4.5	45686.002148	2791
B	0	5.5	45686.119298	2792
B	0	5.5	45707.40053528	2793
B	0	6.5	45707.53898528	2794
B	0	6.5	45732.36419072	2795
B	0	7.5	45732.52394072	2796
B	0	7.5	45760.89177368	2797
B	0	8.5	45761.07282368	2798
B	0	8.5	45792.981752	2799
B	0	9.5	45793.184102	2800
B	0	9.5	45828.632402	2801
B	0	10.5	45828.856052	2802
B	0	10.5	45867.84180848	2803
B	0	11.5	45868.08675848	2804
B	0	11.5	45910.60786472	2805
B	0	12.5	45910.87411472	2806
B	0	12.5	45956.92827248	2807
B	0	13.5	45957.21582248	2808
B	0	13.5	46006.800542	2809
B	0	14.5	46007.109392	2810
B	0	14.5	46060.221992	2811
B	0	15.5	46060.552142	2812
B	0	15.5	46117.18974968	2813
B	0	16.5	46117.54119968	2814
B	0	16.5	46177.70075072	2815
B	0	17.5	46178.07350072	2816
B	0	17.5	46241.75173928	2817
B	0	18.5	46242.14578928	2818
B	0	18.5	46309.339268	2819
B	0	19.5	46309.754618	2820
B	0	19.5	46380.459698	2821
B	0	20.5	46380.896348	2822
B	1	0.5	47311.8995	2843
B	1	0.5	47315.3879454	2844
B	1	1.5	47315.4189954	2845
B	1	1.5	47322.3956906	2846
B	1	2.5	47322.4474406	2847
B	1	2.5	47332.9119944	2848
B	1	3.5	47332.9844444	2849
B	1	3.5	47346.93627	2850
B	1	4.5	47347.02942	2851
B	1	4.5	47364.467735	2852
B	1	5.5	47364.581585	2853
B	1	5.5	47385.5054114	2854
B	1	6.5	47385.6399614	2855
B	1	6.5	47410.0481256	2858
B	1	7.5	47410.2033756	2859
B	1	7.5	47438.0945084	2860
B	1	8.5	47438.2704584	2861
B	1	8.5	47469.642995	2862
B	1	9.5	47469.839645	2863
B	1	9.5	47504.691825	2864
B	1	10.5	47504.909175	2865
B	1	10.5	47543.2390424	2868
B	1	11.5	47543.4770924	2869
B	1	11.5	47585.2824956	2870
B	1	12.5	47585.5412456	2871
B	1	12.5	47630.8198374	2874
B	1	13.5	47631.0992874	2875
B	1	13.5	47679.848525	2876
B	1	14.5	47680.148675	2877
B	1	14.5	47732.36582	2878
B	1	15.5	47732.68667	2879
B	1	15.5	47788.3687884	2882
B	1	16.5	47788.7103384	2883
B	1	16.5	47847.8543006	2884
B	1	17.5	47848.2165506	2885
B	1	17.5	47910.8190314	2888
B	1	18.5	47911.2019814	2889
B	1	18.5	47977.25946	2890
B	1	19.5	47977.66311	2891
B	1	19.5	48047.17187	2894
B	1	20.5	48047.59622	2895
B	2	0.5	48938.2774	2928
B	2	0.5	48941.70643032	2929
B	2	1.5	48941.73553032	2930
B	2	1.5	48948.59338888	2931
B	2	2.5	48948.64188888	2932
B	2	2.5	48958.92817152	2933
B	2	3.5	48958.99607152	2934
B	2	3.5	48972.710172	2935
B	2	4.5	48972.797472	2936
B	2	4.5	48989.938582	2939
B	2	5.5	48990.045282	2940
B	2	5.5	49010.61239112	2941
B	2	6.5	49010.73849112	2942
B	2	6.5	49034.73038688	2943
B	2	7.5	49034.87588688	2944
B	2	7.5	49062.29115472	2947
B	2	8.5	49062.45605472	2948
B	2	8.5	49093.293078	2949
B	2	9.5	49093.477378	2950
B	2	9.5	49127.734338	2951
B	2	10.5	49127.938038	2952
B	2	10.5	49165.61291392	2957
B	2	11.5	49165.83601392	2958
B	2	11.5	49206.92658288	2959
B	2	12.5	49207.16908288	2960
B	2	12.5	49251.67291992	2961
B	2	13.5	49251.93481992	2962
B	2	13.5	49299.849298	2967
B	2	14.5	49300.130598	2968
B	2	14.5	49351.452888	2969
B	2	15.5	49351.753588	2970
B	2	15.5	49406.48065872	2973
B	2	16.5	49406.80075872	2974
B	2	16.5	49464.92937688	2977
B	2	17.5	49465.26887688	2978
B	2	17.5	49526.79560712	2981
B	2	18.5	49527.15450712	2982
B	2	18.5	49592.075712	2983
B	2	19.5	49592.454012	2984
B	2	19.5	49660.765852	2989
B	2	20.5	49661.163552	2990
B	3	0.5	50514.038	3026
B	3	0.5	50517.40757756	3027
B	3	1.5	50517.43487756	3028
B	3	1.5	50524.17382604	3029
B	3	2.5	50524.21932604	3030
B	3	2.5	50534.32723216	3032
B	3	3.5	50534.39093216	3033
B	3	3.5	50547.867176	3035
B	3	4.5	50547.949076	3036
B	3	4.5	50564.792831	3037
B	3	5.5	50564.892931	3038
B	3	5.5	50585.10316396	3039
B	3	6.5	50585.22146396	3040
B	3	6.5	50608.79693504	3043
B	3	7.5	50608.93343504	3044
B	3	7.5	50635.87269776	3045
B	3	8.5	50636.02739776	3046
B	3	8.5	50666.328799	3049
B	3	9.5	50666.501699	3050
B	3	9.5	50700.163379	3051
B	3	10.5	50700.354479	3052
B	3	10.5	50737.37437136	3053
B	3	11.5	50737.58367136	3054
B	3	11.5	50777.95950304	3059
B	3	12.5	50778.18700304	3060
B	3	12.5	50821.91629436	3061
B	3	13.5	50822.16199436	3062
B	3	13.5	50869.242059	3065
B	3	14.5	50869.505959	3066
B	3	14.5	50919.933904	3069
B	3	15.5	50920.216004	3070
B	3	15.5	50973.98872976	3071
B	3	16.5	50974.28902976	3072
B	3	16.5	51031.40323004	3075
B	3	17.5	51031.72173004	3076
B	3	17.5	51092.17389196	3079
B	3	18.5	51092.51059196	3080
B	3	18.5	51156.296996	3083
B	3	19.5	51156.651896	3084
B	3	19.5	51223.768616	3087
B	3	20.5	51224.141716	3088
B	4	0.5	52041.5515	3126
B	4	0.5	52044.86061912	3127
B	4	1.5	52044.88821912	3128
B	4	1.5	52051.50624808	3129
B	4	2.5	52051.55224808	3130
B	4	2.5	52061.47876832	3131
B	4	3.5	52061.54316832	3132
B	4	3.5	52074.777552	3133
B	4	4.5	52074.860352	3134
B	4	4.5	52091.401762	3137
B	4	5.5	52091.502962	3138
B	4	5.5	52111.35035192	3139
B	4	6.5	52111.46995192	3140
B	4	6.5	52134.62206608	3141
B	4	7.5	52134.76006608	3142
B	4	7.5	52161.21543952	3143
B	4	8.5	52161.37183952	3144
B	4	8.5	52191.128798	3149
B	4	9.5	52191.303598	3150
B	4	9.5	52224.360258	3151
B	4	10.5	52224.553458	3152
B	4	10.5	52260.90772672	3153
B	4	11.5	52261.11932672	3154
B	4	11.5	52300.76890208	3157
B	4	12.5	52300.99890208	3158
B	4	12.5	52343.94127272	3161
B	4	13.5	52344.18967272	3162
B	4	13.5	52390.422118	3163
B	4	14.5	52390.688918	3164
B	4	14.5	52440.208508	3167
B	4	15.5	52440.493708	3168
B	4	15.5	52493.29730352	3171
B	4	16.5	52493.60090352	3172
B	4	16.5	52549.68515608	3175
B	4	17.5	52550.00715608	3176
B	4	17.5	52609.36850792	3177
B	4	18.5	52609.70890792	3178
B	4	18.5	52672.343592	3183
B	4	19.5	52672.702392	3184
B	4	19.5	52738.606432	3185
B	4	20.5	52738.983632	3186
B	5	0.5	53523.1888	3224
B	5	0.5	53526.43883828	3225
B	5	1.5	53526.46613828	3226
B	5	1.5	53532.96600052	3227
B	5	2.5	53533.01150052	3228
B	5	2.5	53542.76075808	3229
B	5	3.5	53542.82445808	3230
B	5	3.5	53555.822468	3233
B	5	4.5	53555.904368	3234
B	5	4.5	53572.150273	3235
B	5	5.5	53572.250373	3236
B	5	5.5	53591.74310148	3239
B	5	6.5	53591.86140148	3240
B	5	6.5	53614.59966752	3241
B	5	7.5	53614.73616752	3242
B	5	7.5	53640.71847088	3243
B	5	8.5	53640.87317088	3244
B	5	8.5	53670.097797	3245
B	5	9.5	53670.270697	3246
B	5	9.5	53702.735717	3251
B	5	10.5	53702.926817	3252
B	5	10.5	53738.63008768	3253
B	5	11.5	53738.83938768	3254
B	5	11.5	53777.77855152	3255
B	5	12.5	53778.00605152	3256
B	5	12.5	53820.17853668	3259
B	5	13.5	53820.42423668	3260
B	5	13.5	53865.827257	3263
B	5	14.5	53866.091157	3264
B	5	14.5	53914.721712	3267
B	5	15.5	53915.003812	3268
B	5	15.5	53966.85868688	3269
B	5	16.5	53967.15898688	3270
B	5	16.5	54022.23475252	3275
B	5	17.5	54022.55325252	3276
B	5	17.5	54080.84626548	3277
B	5	18.5	54081.18296548	3278
B	5	18.5	54142.689368	3283
B	5	19.5	54143.044268	3284
B	5	19.5	54207.759988	3285
B	5	20.5	54208.133088	3286
B	6	0.5	54961.3203	3324
B	6	0.5	54964.51876328	3325
B	6	1.5	54964.54171328	3326
B	6	1.5	54970.93841952	3327
B	6	2.5	54970.97666952	3328
B	6	2.5	54980.57117808	3329
B	6	3.5	54980.62472808	3330
B	6	3.5	54993.416378	3331
B	6	4.5	54993.485228	3332
B	6	4.5	55009.473138	3333
B	6	5.5	55009.557288	3334
B	6	5.5	55028.74035648	3337
B	6	6.5	55028.83980648	3338
B	6	6.5	55051.21671152	3341
B	6	7.5	55051.33146152	3342
B	6	7.5	55076.90066088	3343
B	6	8.5	55077.03071088	3344
B	6	8.5	55105.790442	3345
B	6	9.5	55105.935792	3346
B	6	9.5	55137.884072	3349
B	6	10.5	55138.044722	3350
B	6	10.5	55173.17934768	3353
B	6	11.5	55173.35529768	3354
B	6	11.5	55211.67384552	3355
B	6	12.5	55211.86509552	3356
B	6	12.5	55253.36492168	3359
B	6	13.5	55253.57147168	3360
B	6	13.5	55298.249712	3361
B	6	14.5	55298.471562	3362
B	6	14.5	55346.325132	3367
B	6	15.5	55346.562282	3368
B	6	15.5	55397.58787688	3369
B	6	16.5	55397.84032688	3370
B	6	16.5	55452.03442152	3373
B	6	17.5	55452.30217152	3374
B	6	17.5	55509.66102048	3377
B	6	18.5	55509.94407048	3378
B	6	18.5	55570.463708	3381
B	6	19.5	55570.762058	3382
B	6	19.5	55634.438298	3385
B	6	20.5	55634.751948	3386
