State	Vibr.	J	Energy	Index
X	0	0.5	0	0
X	0	0.5	3.92578272	1
X	0	1.5	3.93944772	2
X	0	1.5	11.79086148	3
X	0	2.5	11.81363648	4
X	0	2.5	23.59037792	5
X	0	3.5	23.62226292	6
X	0	3.5	39.323877	7
X	0	4.5	39.364872	8
X	0	4.5	58.990752	9
X	0	5.5	59.040857	10
X	0	5.5	82.59024452	11
X	0	6.5	82.64945952	12
X	0	6.5	110.12144448	13
X	0	7.5	110.18976948	14
X	0	7.5	141.58329012	15
X	0	8.5	141.66072512	16
X	0	8.5	176.974568	17
X	0	9.5	177.061113	18
X	0	9.5	216.293913	19
X	0	10.5	216.389568	20
X	1	0.5	2183.9129	65
X	1	0.5	2187.8007226	66
X	1	1.5	2187.8142976	67
X	1	1.5	2195.5897904	68
X	1	2.5	2195.6124154	69
X	1	2.5	2207.2752736	72
X	1	3.5	2207.3069486	73
X	1	3.5	2222.856715	74
X	1	4.5	2222.89744	75
X	1	4.5	2242.333505	76
X	1	5.5	2242.38328	77
X	1	5.5	2265.7048816	78
X	1	6.5	2265.7637066	79
X	1	6.5	2292.9699304	80
X	1	7.5	2293.0378054	81
X	1	7.5	2324.1275846	82
X	1	8.5	2324.2045096	83
X	1	8.5	2359.176625	86
X	1	9.5	2359.2626	87
X	1	9.5	2398.11568	88
X	1	10.5	2398.210705	89
X	2	0.5	4337.5041	158
X	2	0.5	4341.35390252	159
X	2	1.5	4341.36735752	160
X	2	1.5	4349.06680968	161
X	2	2.5	4349.08923468	162
X	2	2.5	4360.63803072	163
X	2	3.5	4360.66942572	164
X	2	3.5	4376.067107	167
X	2	4.5	4376.107472	168
X	2	4.5	4395.353427	169
X	2	5.5	4395.402762	170
X	2	5.5	4418.49622632	173
X	2	6.5	4418.55453132	174
X	2	6.5	4445.49458768	175
X	2	7.5	4445.56186268	176
X	2	7.5	4476.34744092	177
X	2	8.5	4476.42368592	178
X	2	8.5	4511.053563	181
X	2	9.5	4511.138778	182
X	2	9.5	4549.611578	183
X	2	10.5	4549.705763	184
Pi	0	1.5	20349.8219211826	300
Pi	0	1.5	20349.8219675822	301
Pi	0	2.5	20357.6193686008	302
Pi	0	2.5	20357.6195538535	303
Pi	0	3.5	20368.5354924747	304
Pi	0	3.5	20368.5359544029	305
Pi	0	4.5	20382.5700059103	306
Pi	0	4.5	20382.5709266971	307
Pi	0	5.5	20399.7225423455	308
Pi	0	5.5	20399.724147223	309
Pi	0	6.5	20419.9926523138	310
Pi	0	6.5	20419.9952079743	311
Pi	0	7.5	20443.3797995934	312
Pi	0	7.5	20443.3836123567	313
Pi	0	8.5	20469.8833568244	314
Pi	0	8.5	20469.8887705937	315
Pi	0	0.5	20470.35409556	316
Pi	0	0.5	20470.36755156	317
Pi	0	1.5	20475.1459104174	318
Pi	0	1.5	20475.1727760178	319
Pi	0	2.5	20483.1363795992	320
Pi	0	2.5	20483.1765623465	321
Pi	0	3.5	20494.3249196853	322
Pi	0	3.5	20494.3782817571	323
Pi	0	9.5	20499.5026006797	324
Pi	0	9.5	20499.509994726	325
Pi	0	4.5	20508.7107070897	326
Pi	0	4.5	20508.7770663029	327
Pi	0	5.5	20526.2926806145	328
Pi	0	5.5	20526.371811737	329
Pi	0	10.5	20532.236706684	330
Pi	0	10.5	20532.2464932955	331
Pi	0	6.5	20547.0695446862	332
Pi	0	6.5	20547.1611810257	333
Pi	0	7.5	20571.0397732066	336
Pi	0	7.5	20571.1436084433	337
Pi	0	8.5	20598.2016139356	338
Pi	0	8.5	20598.3173041663	339
Pi	0	9.5	20628.5530933203	342
Pi	0	9.5	20628.680259274	343
Pi	1	1.5	21884.6811664032	418
Pi	1	1.5	21884.6812111469	419
Pi	1	2.5	21892.3840569793	420
Pi	1	2.5	21892.3842356299	421
Pi	1	3.5	21903.1677853794	424
Pi	1	3.5	21903.168230878	425
Pi	1	4.5	21917.0320483398	426
Pi	1	4.5	21917.0329364593	427
Pi	1	5.5	21933.9764582889	428
Pi	1	5.5	21933.9780064037	429
Pi	1	6.5	21954.0005403129	432
Pi	1	6.5	21954.0030059069	433
Pi	1	7.5	21977.1037285432	434
Pi	1	7.5	21977.1074074869	435
Pi	1	8.5	22003.2853620395	438
Pi	1	8.5	22003.2905866675	439
Pi	1	0.5	22005.15400032	440
Pi	1	0.5	22005.16655832	441
Pi	1	1.5	22009.8866757968	442
Pi	1	1.5	22009.9117470531	443
Pi	1	2.5	22017.7782824207	444
Pi	1	2.5	22017.8157777701	445
Pi	1	3.5	22028.8282411406	446
Pi	1	3.5	22028.878027642	447
Pi	1	9.5	22032.5446802499	448
Pi	1	9.5	22032.5518172729	449
Pi	1	4.5	22043.0357346602	452
Pi	1	4.5	22043.0976365407	453
Pi	1	5.5	22060.3997098311	454
Pi	1	5.5	22060.4735097163	455
Pi	1	10.5	22064.8808181335	456
Pi	1	10.5	22064.8902664214	457
Pi	1	6.5	22080.9188806871	458
Pi	1	6.5	22081.0043210931	459
Pi	1	7.5	22104.5917320568	464
Pi	1	7.5	22104.6885171131	465
Pi	1	8.5	22131.4165236805	466
Pi	1	8.5	22131.5243210525	467
Pi	1	9.5	22161.3912947501	472
Pi	1	9.5	22161.5097377271	473
Pi	2	1.5	23392.665272792	588
Pi	2	1.5	23392.665319027	589
Pi	2	2.5	23400.2733437065	592
Pi	2	2.5	23400.2735283235	593
Pi	2	3.5	23410.924314262	594
Pi	2	3.5	23410.9247746795	595
Pi	2	4.5	23424.6178716778	598
Pi	2	4.5	23424.6187896426	599
Pi	2	5.5	23441.3536166465	600
Pi	2	5.5	23441.3552170044	601
Pi	2	6.5	23461.1310605038	604
Pi	2	6.5	23461.1336097094	605
Pi	2	7.5	23483.9496218545	607
Pi	2	7.5	23483.9534262475	608
Pi	2	8.5	23509.8086227215	610
Pi	2	8.5	23509.8140266015	611
Pi	2	0.5	23513.07040428	613
Pi	2	0.5	23513.08222428	614
Pi	2	1.5	23517.743728208	616
Pi	2	1.5	23517.7673219729	617
Pi	2	2.5	23525.5361780935	618
Pi	2	2.5	23525.5714534765	619
Pi	2	3.5	23536.447186818	622
Pi	2	3.5	23536.4940064005	623
Pi	2	9.5	23538.7072842929	624
Pi	2	9.5	23538.7146678258	625
Pi	2	4.5	23550.4759533222	626
Pi	2	4.5	23550.5341353574	627
Pi	2	5.5	23567.6214448335	630
Pi	2	5.5	23567.6907644756	631
Pi	2	10.5	23570.6447223453	632
Pi	2	10.5	23570.6544993368	633
Pi	2	6.5	23587.8823996962	634
Pi	2	6.5	23587.9625904906	635
Pi	2	7.5	23611.2573307455	638
Pi	2	7.5	23611.3480863525	639
Pi	2	8.5	23637.7445291585	644
Pi	2	8.5	23637.8455052785	645
Pi	2	9.5	23667.3420687071	650
Pi	2	9.5	23667.4528851742	651
Pi	3	1.5	24873.8101238294	786
Pi	3	1.5	24873.8101652294	787
Pi	3	2.5	24881.3233447568	788
Pi	3	2.5	24881.3235100756	789
Pi	3	3.5	24891.8415193602	790
Pi	3	3.5	24891.8419316782	791
Pi	3	4.5	24905.3643271012	794
Pi	3	4.5	24905.3651492392	795
Pi	3	5.5	24921.8913582365	798
Pi	3	5.5	24921.8927916847	799
Pi	3	6.5	24941.4221111646	802
Pi	3	6.5	24941.4243947835	803
Pi	3	7.5	24963.9559892639	804
Pi	3	7.5	24963.9593977805	805
Pi	3	8.5	24989.4922972817	808
Pi	3	8.5	24989.4971396077	809
Pi	3	0.5	24994.17195256	810
Pi	3	0.5	24994.18221056	811
Pi	3	1.5	24998.7863337706	812
Pi	3	1.5	24998.8068083706	813
Pi	3	2.5	25006.4800284432	816
Pi	3	2.5	25006.5106371244	817
Pi	3	3.5	25017.2524767998	818
Pi	3	3.5	25017.2930964818	819
Pi	3	9.5	25018.030237344	820
Pi	3	9.5	25018.0368547449	821
Pi	3	4.5	25031.1028888988	824
Pi	3	4.5	25031.1533567608	825
Pi	3	5.5	25048.0302467235	828
Pi	3	5.5	25048.0903612753	829
Pi	3	10.5	25049.568904657	830
Pi	3	10.5	25049.5776688025	831
Pi	3	6.5	25068.0333068354	832
Pi	3	6.5	25068.1028292165	833
Pi	3	7.5	25091.1106035361	836
Pi	3	7.5	25091.1892590195	837
Pi	3	8.5	25117.2604524783	840
Pi	3	8.5	25117.3479321523	841
Pi	3	9.5	25146.480954656	848
Pi	3	9.5	25146.5769172551	849
Pi	4	1.5	26328.1276276459	984
Pi	4	1.5	26328.1276660752	985
Pi	4	2.5	26335.5462371725	986
Pi	4	2.5	26335.5463906416	987
Pi	4	3.5	26345.9319520884	988
Pi	4	3.5	26345.9323348967	989
Pi	4	4.5	26359.284447098	990
Pi	4	4.5	26359.2852105079	991
Pi	4	5.5	26375.6033061556	996
Pi	4	5.5	26375.6046374457	997
Pi	4	6.5	26394.8880199945	998
Pi	4	6.5	26394.8901413092	999
Pi	4	7.5	26417.1379831803	1002
Pi	4	7.5	26417.1411501972	1003
Pi	4	8.5	26442.3524907444	1004
Pi	4	8.5	26442.3569911818	1005
Pi	4	0.5	26448.55104184	1006
Pi	4	0.5	26448.55844784	1007
Pi	4	1.5	26453.1072297541	1010
Pi	4	1.5	26453.1220033248	1011
Pi	4	2.5	26460.7029916275	1012
Pi	4	2.5	26460.7250561584	1013
Pi	4	9.5	26470.5307344604	1016
Pi	4	9.5	26470.5368864499	1017
Pi	4	3.5	26471.3377791516	1018
Pi	4	3.5	26471.3670203433	1019
Pi	4	4.5	26485.010818902	1020
Pi	4	4.5	26485.0470854921	1021
Pi	4	10.5	26501.6717988287	1026
Pi	4	10.5	26501.6799491793	1027
Pi	4	5.5	26501.7211142844	1028
Pi	4	5.5	26501.7642189943	1029
Pi	4	6.5	26521.4674480055	1030
Pi	4	6.5	26521.5171686908	1031
Pi	4	7.5	26544.2483850197	1034
Pi	4	7.5	26544.3044660028	1035
Pi	4	8.5	26570.0622758956	1038
Pi	4	8.5	26570.1244294582	1039
Pi	4	9.5	26598.9072605396	1044
Pi	4	9.5	26598.9751685501	1045
Pi	5	1.5	27756.0059272803	1180
Pi	5	1.5	27756.005975823	1181
Pi	5	2.5	27763.3314130879	1184
Pi	5	2.5	27763.331606935	1185
Pi	5	3.5	27773.5867114355	1186
Pi	5	3.5	27773.5871949265	1187
Pi	5	4.5	27786.7714579323	1188
Pi	5	4.5	27786.7724220377	1189
Pi	5	5.5	27802.8851879787	1190
Pi	5	5.5	27802.8868690656	1191
Pi	5	6.5	27821.9273344593	1196
Pi	5	6.5	27821.9300127921	1197
Pi	5	7.5	27843.8972249794	1200
Pi	5	7.5	27843.9012229817	1201
Pi	5	8.5	27868.7940786969	1202
Pi	5	8.5	27868.7997590051	1203
Pi	5	0.5	27875.9184396	1204
Pi	5	0.5	27875.9339456	1205
Pi	5	1.5	27880.4121327197	1206
Pi	5	1.5	27880.443096177	1207
Pi	5	2.5	27887.9064349121	1208
Pi	5	2.5	27887.952759065	1209
Pi	5	9.5	27896.6170028072	1212
Pi	5	9.5	27896.6247661485	1213
Pi	5	3.5	27898.4007901645	1214
Pi	5	3.5	27898.4623306735	1215
Pi	5	4.5	27911.8944120677	1218
Pi	5	4.5	27911.9709779623	1219
Pi	5	10.5	27927.3649887431	1220
Pi	5	10.5	27927.3752716714	1221
Pi	5	5.5	27928.3862856213	1222
Pi	5	5.5	27928.4776405344	1223
Pi	5	6.5	27947.8751695407	1228
Pi	5	6.5	27947.9810332079	1229
Pi	5	7.5	27970.3595990206	1232
Pi	5	7.5	27970.4796490183	1233
Pi	5	8.5	27995.8378889031	1236
Pi	5	8.5	27995.971762595	1237
Pi	5	9.5	28024.3081371928	1240
Pi	5	9.5	28024.4554338515	1241
Pi	6	1.5	29157.4395160593	1378
Pi	6	1.5	29157.439547954	1379
Pi	6	2.5	29164.6667324053	1380
Pi	6	2.5	29164.6668597309	1381
Pi	6	3.5	29174.7844785227	1382
Pi	6	3.5	29174.7847959549	1383
Pi	6	4.5	29187.7924082674	1386
Pi	6	4.5	29187.7930408813	1387
Pi	6	5.5	29203.6900780065	1388
Pi	6	5.5	29203.6911803128	1389
Pi	6	6.5	29222.4769442539	1392
Pi	6	6.5	29222.4786990295	1393
Pi	6	7.5	29244.1523608474	1396
Pi	6	7.5	29244.1549777828	1397
Pi	6	8.5	29268.7155757207	1400
Pi	6	8.5	29268.7192899082	1401
Pi	6	0.5	29276.38307304	1402
Pi	6	0.5	29276.40822304	1403
Pi	6	1.5	29280.8129113407	1404
Pi	6	1.5	29280.863179446	1405
Pi	6	2.5	29288.2039963947	1406
Pi	6	2.5	29288.2793190691	1407
Pi	6	9.5	29296.1657273282	1408
Pi	6	9.5	29296.1707976185	1409
Pi	6	3.5	29298.5557699173	1410
Pi	6	3.5	29298.6560524851	1411
Pi	6	4.5	29311.8674457326	1416
Pi	6	4.5	29311.9925631187	1417
Pi	6	10.5	29326.5018407883	1418
Pi	6	10.5	29326.5085480414	1419
Pi	6	5.5	29328.1380116335	1420
Pi	6	5.5	29328.2878093272	1421
Pi	6	6.5	29347.3662317461	1424
Pi	6	6.5	29347.5405269705	1425
Pi	6	7.5	29369.5506493526	1430
Pi	6	7.5	29369.7492324172	1431
Pi	6	8.5	29394.6895901193	1432
Pi	6	8.5	29394.9122259318	1433
Pi	6	9.5	29422.7811656718	1438
Pi	6	9.5	29423.0275953815	1439
B	0	0.5	45633.63829	1686
B	0	0.5	45637.18628008	1687
B	0	1.5	45637.21823008	1688
B	0	1.5	45644.31401872	1689
B	0	2.5	45644.36726872	1690
B	0	2.5	45655.01047288	1691
B	0	3.5	45655.08502288	1692
B	0	3.5	45669.275068	1693
B	0	4.5	45669.370918	1694
B	0	4.5	45687.107038	1695
B	0	5.5	45687.224188	1696
B	0	5.5	45708.50542528	1697
B	0	6.5	45708.64387528	1698
B	0	6.5	45733.46908072	1699
B	0	7.5	45733.62883072	1700
B	0	7.5	45761.99666368	1701
B	0	8.5	45762.17771368	1702
B	0	8.5	45794.086642	1703
B	0	9.5	45794.288992	1704
B	0	9.5	45829.737292	1705
B	0	10.5	45829.960942	1706
B	1	0.5	47313.00436	1747
B	1	0.5	47316.4928054	1748
B	1	1.5	47316.5238554	1749
B	1	1.5	47323.5005506	1750
B	1	2.5	47323.5523006	1751
B	1	2.5	47334.0168544	1752
B	1	3.5	47334.0893044	1753
B	1	3.5	47348.04113	1754
B	1	4.5	47348.13428	1755
B	1	4.5	47365.572595	1756
B	1	5.5	47365.686445	1757
B	1	5.5	47386.6102714	1758
B	1	6.5	47386.7448214	1759
B	1	6.5	47411.1529856	1762
B	1	7.5	47411.3082356	1763
B	1	7.5	47439.1993684	1764
B	1	8.5	47439.3753184	1765
B	1	8.5	47470.747855	1766
B	1	9.5	47470.944505	1767
B	1	9.5	47505.796685	1768
B	1	10.5	47506.014035	1769
B	2	0.5	48939.38234	1832
B	2	0.5	48942.81137032	1833
B	2	1.5	48942.84047032	1834
B	2	1.5	48949.69832888	1835
B	2	2.5	48949.74682888	1836
B	2	2.5	48960.03311152	1837
B	2	3.5	48960.10101152	1838
B	2	3.5	48973.815112	1839
B	2	4.5	48973.902412	1840
B	2	4.5	48991.043522	1843
B	2	5.5	48991.150222	1844
B	2	5.5	49011.71733112	1845
B	2	6.5	49011.84343112	1846
B	2	6.5	49035.83532688	1847
B	2	7.5	49035.98082688	1848
B	2	7.5	49063.39609472	1851
B	2	8.5	49063.56099472	1852
B	2	8.5	49094.398018	1853
B	2	9.5	49094.582318	1854
B	2	9.5	49128.839278	1855
B	2	10.5	49129.042978	1856
